Model,Accuracy,best_model,F1 Score,Precision,Recall,Confusion Matrix,Y Probs
MLP_Sklearn,0.6373056994818653 +- 0.05480657695742334,"{'solver': 'adam', 'learning_rate': 'constant', 'hidden_layer_sizes': (32,), 'alpha': 0.001, 'activation': 'logistic'}",0.669811320754717,[0.6228070175438597],[0.7244897959183674],"[[[52, 43], [27, 71]]]","[array([0.5757758 , 0.45406064, 0.51240527, 0.5081866 , 0.64577797,
       0.62210639, 0.52269813, 0.47382283, 0.50575475, 0.31366261,
       0.44020867, 0.44099706, 0.47995959, 0.492044  , 0.50043865,
       0.57699256, 0.55385361, 0.39594834, 0.47162367, 0.55548839,
       0.45769254, 0.36759349, 0.48467934, 0.50332134, 0.5434668 ,
       0.49059569, 0.37706341, 0.3077431 , 0.50769153, 0.55823835,
       0.56911649, 0.53510541, 0.53309369, 0.49723834, 0.44438539,
       0.38429246, 0.42849625, 0.45140031, 0.53511367, 0.33344532,
       0.47835394, 0.53954079, 0.51614278, 0.53396171, 0.52860595,
       0.61854708, 0.43118408, 0.48055424, 0.5176897 , 0.38230755,
       0.47435815, 0.50299441, 0.44558042, 0.23471916, 0.44133219,
       0.46721206, 0.55171143, 0.41673174, 0.48970941, 0.49507294,
       0.50040312, 0.51589874, 0.53108268, 0.31011242, 0.36074168,
       0.28288663, 0.50654268, 0.57681135, 0.510062  , 0.41046636,
       0.49838713, 0.44347258, 0.55771834, 0.45517314, 0.59463666,
       0.49294851, 0.43380623, 0.62525856, 0.50899523, 0.62882461,
       0.62801124, 0.65871282, 0.6439965 , 0.58830147, 0.51633826,
       0.57978409, 0.40374882, 0.62492305, 0.55785666, 0.61209731,
       0.54899101, 0.51189244, 0.41706698, 0.42347867, 0.49632139,
       0.57655447, 0.51401198, 0.59729244, 0.55830474, 0.64345963,
       0.56571799, 0.56816366, 0.39919314, 0.48744947, 0.62021263,
       0.60948129, 0.46885965, 0.58697203, 0.55259862, 0.34556899,
       0.48322871, 0.52768169, 0.58701556, 0.58732145, 0.59990682,
       0.63096608, 0.53722993, 0.49816924, 0.52693944, 0.59662202,
       0.58356959, 0.62375133, 0.65066331, 0.5695432 , 0.61337325,
       0.63013754, 0.65322431, 0.62658111, 0.64506032, 0.60170233,
       0.62953216, 0.58442242, 0.51303682, 0.51606891, 0.37484317,
       0.50506837, 0.48898547, 0.52337769, 0.60202255, 0.59146864,
       0.62101302, 0.50465186, 0.56626286, 0.60082923, 0.64008425,
       0.64531538, 0.4505454 , 0.60336698, 0.52118287, 0.52765091,
       0.50354204, 0.58559619, 0.57191982, 0.54787741, 0.53309177,
       0.42099268, 0.09863164, 0.39448207, 0.23079072, 0.49536512,
       0.59683412, 0.5818846 , 0.33199197, 0.49222916, 0.50057566,
       0.59657314, 0.56034648, 0.5473275 , 0.53890359, 0.412922  ,
       0.45548973, 0.56506597, 0.54370478, 0.32842622, 0.39256182,
       0.40309075, 0.4896926 , 0.63098581, 0.60691993, 0.45226227,
       0.45538853, 0.45755241, 0.4509997 , 0.4634283 , 0.60627865,
       0.59310028, 0.44816796, 0.20733918, 0.35544598, 0.43892433,
       0.47203518, 0.52775343, 0.23962282])]"
MLP_Keras,0.6373056994818653 +- 0.053608998690253915,"{'num_hidden_layers': 5, 'units': 96, 'units_1': 128, 'optimizer': 'adam', 'units_2': 128, 'units_3': 32, 'units_4': 96}",0.6022727272727273,[0.6794871794871795],[0.5408163265306123],"[[[70, 25], [45, 53]]]","[array([[0.62425697],
       [0.26489592],
       [0.49246067],
       [0.36351728],
       [0.6750878 ],
       [0.614359  ],
       [0.36317086],
       [0.29207957],
       [0.31545547],
       [0.21504818],
       [0.38129762],
       [0.26035205],
       [0.36218345],
       [0.35765055],
       [0.344911  ],
       [0.54255444],
       [0.4269955 ],
       [0.29928628],
       [0.30187792],
       [0.54147565],
       [0.27671227],
       [0.2127151 ],
       [0.39139163],
       [0.4000254 ],
       [0.4374121 ],
       [0.30391428],
       [0.20217794],
       [0.1956351 ],
       [0.3735186 ],
       [0.50166094],
       [0.5135073 ],
       [0.47939366],
       [0.36633542],
       [0.3257354 ],
       [0.26918486],
       [0.21829958],
       [0.22401229],
       [0.34105667],
       [0.33952436],
       [0.21481217],
       [0.46993694],
       [0.57734334],
       [0.5360787 ],
       [0.44551352],
       [0.509053  ],
       [0.66718864],
       [0.30530176],
       [0.30924127],
       [0.40166268],
       [0.28743923],
       [0.42575455],
       [0.39353105],
       [0.31143865],
       [0.16684209],
       [0.3342505 ],
       [0.3382161 ],
       [0.5750025 ],
       [0.298208  ],
       [0.32204756],
       [0.35905588],
       [0.38252902],
       [0.49714363],
       [0.47478673],
       [0.20021875],
       [0.2916678 ],
       [0.22420308],
       [0.43998745],
       [0.561345  ],
       [0.38310826],
       [0.2858453 ],
       [0.35460043],
       [0.30186427],
       [0.5657696 ],
       [0.33101904],
       [0.6257646 ],
       [0.37982133],
       [0.292552  ],
       [0.651224  ],
       [0.33429816],
       [0.6653632 ],
       [0.6704272 ],
       [0.70778793],
       [0.6883341 ],
       [0.55375427],
       [0.32202643],
       [0.58601296],
       [0.23837118],
       [0.71463406],
       [0.57815576],
       [0.6740704 ],
       [0.50197554],
       [0.3797849 ],
       [0.26282945],
       [0.2534335 ],
       [0.37860823],
       [0.5496405 ],
       [0.41167635],
       [0.5547078 ],
       [0.42341638],
       [0.69406384],
       [0.5223672 ],
       [0.54304194],
       [0.2275999 ],
       [0.33844718],
       [0.6295476 ],
       [0.69473577],
       [0.31518105],
       [0.51002526],
       [0.45140883],
       [0.20611677],
       [0.2996154 ],
       [0.37689823],
       [0.5511952 ],
       [0.65324146],
       [0.5565481 ],
       [0.6515704 ],
       [0.5826016 ],
       [0.5987384 ],
       [0.6339971 ],
       [0.62116593],
       [0.5429324 ],
       [0.6012873 ],
       [0.65114534],
       [0.5225714 ],
       [0.5392739 ],
       [0.62282985],
       [0.66109306],
       [0.6494753 ],
       [0.6195044 ],
       [0.5330923 ],
       [0.573985  ],
       [0.5488549 ],
       [0.4706823 ],
       [0.3399557 ],
       [0.33926383],
       [0.43968767],
       [0.4639563 ],
       [0.40918407],
       [0.62806296],
       [0.5386416 ],
       [0.5483587 ],
       [0.45635852],
       [0.53572917],
       [0.514352  ],
       [0.6284928 ],
       [0.65233916],
       [0.32020196],
       [0.60585475],
       [0.44570825],
       [0.62638634],
       [0.48643595],
       [0.57743615],
       [0.4702521 ],
       [0.5104009 ],
       [0.49355584],
       [0.6537436 ],
       [0.15858504],
       [0.43884984],
       [0.15700565],
       [0.38099992],
       [0.6739662 ],
       [0.60446703],
       [0.20932385],
       [0.40872502],
       [0.4535715 ],
       [0.6805206 ],
       [0.66490555],
       [0.64195794],
       [0.5003798 ],
       [0.24844515],
       [0.41435644],
       [0.57941556],
       [0.4199603 ],
       [0.24575312],
       [0.27168593],
       [0.31951496],
       [0.50358653],
       [0.6512414 ],
       [0.59196883],
       [0.3311613 ],
       [0.30946937],
       [0.3833801 ],
       [0.31003776],
       [0.33930442],
       [0.61836576],
       [0.67186433],
       [0.39217025],
       [0.23357892],
       [0.3263285 ],
       [0.28420743],
       [0.37128696],
       [0.44284424],
       [0.200351  ]], dtype=float32)]"
E7GB,0.6683937823834197 +- 0.032989130488949026,"{0: {'num_leaves': 216, 'max_bin': 398, 'colsample_bytree': '0.730', 'learning_rate': '0.270', 'lambda_l2': 55, 'objective': 'binary'}, 1: {'num_leaves': 176, 'max_bin': 413, 'colsample_bytree': '0.730', 'learning_rate': '0.280', 'lambda_l2': 56, 'objective': 'binary'}, 2: {'num_leaves': 362, 'max_bin': 438, 'colsample_bytree': '0.550', 'learning_rate': '0.220', 'lambda_l2': 69, 'objective': 'binary'}, 3: {'num_leaves': 544, 'max_bin': 22, 'colsample_bytree': '0.320', 'learning_rate': '0.220', 'lambda_l2': 76, 'objective': 'binary'}, 4: {'num_leaves': 366, 'max_bin': 218, 'colsample_bytree': '0.400', 'learning_rate': '0.180', 'lambda_l2': 86, 'objective': 'binary'}, 5: {'num_leaves': 123, 'max_bin': 442, 'colsample_bytree': '0.410', 'learning_rate': '0.500', 'lambda_l2': 87, 'objective': 'binary'}, 6: {'num_leaves': 246, 'max_bin': 316, 'colsample_bytree': '0.670', 'learning_rate': '0.450', 'lambda_l2': 138, 'objective': 'binary'}}",0.5949367088607594,[0.7833333333333333],[0.47959183673469385],"[[[82, 13], [51, 47]]]","[array([0.50183563, 0.40486828, 0.39482943, 0.35723115, 0.61130137,
       0.58137827, 0.55432471, 0.41552167, 0.36150115, 0.27784295,
       0.3462639 , 0.43621516, 0.3286444 , 0.37545007, 0.3236915 ,
       0.59360924, 0.48699203, 0.38962884, 0.5019381 , 0.45333749,
       0.49327051, 0.39837712, 0.38927364, 0.48944236, 0.56271029,
       0.49469117, 0.37177032, 0.39034385, 0.43926989, 0.50469951,
       0.52328867, 0.46805693, 0.32836069, 0.4969006 , 0.41401425,
       0.43044096, 0.39069975, 0.37332785, 0.46877545, 0.43472098,
       0.42974068, 0.53682976, 0.38150422, 0.58066746, 0.55781385,
       0.60775562, 0.33982787, 0.38383431, 0.37107294, 0.46192982,
       0.51916536, 0.45662403, 0.3889362 , 0.32146026, 0.30003851,
       0.34047446, 0.4734438 , 0.32594319, 0.36495334, 0.36329264,
       0.4217325 , 0.47564677, 0.51184167, 0.32815232, 0.34005324,
       0.38603576, 0.42045327, 0.59426681, 0.28621329, 0.24311843,
       0.392741  , 0.23923968, 0.44587687, 0.27761486, 0.56678241,
       0.33182987, 0.28836037, 0.61894223, 0.36220003, 0.5598694 ,
       0.42848639, 0.54286322, 0.52622808, 0.59547225, 0.4612458 ,
       0.46116061, 0.39872974, 0.43846153, 0.39046608, 0.44548136,
       0.52882064, 0.37490675, 0.30883523, 0.37529003, 0.30674117,
       0.49038   , 0.31967816, 0.55070645, 0.35224457, 0.55350669,
       0.44024398, 0.54978323, 0.34757092, 0.32302464, 0.57089119,
       0.52249726, 0.32431133, 0.56983168, 0.44161606, 0.37661302,
       0.33606635, 0.41338907, 0.54744142, 0.50911948, 0.574284  ,
       0.58425478, 0.45733562, 0.52087488, 0.48138618, 0.58649543,
       0.52448822, 0.52863391, 0.41241847, 0.52888335, 0.53141641,
       0.48994954, 0.51667431, 0.52336374, 0.50279224, 0.52549228,
       0.50409659, 0.49084152, 0.42451764, 0.38000215, 0.26347532,
       0.49665731, 0.44499369, 0.46047292, 0.46236489, 0.50626086,
       0.45631238, 0.41548839, 0.47079699, 0.47472216, 0.57960428,
       0.45134431, 0.51905962, 0.49443744, 0.30102981, 0.45242599,
       0.368528  , 0.53975939, 0.3850956 , 0.36421652, 0.38800231,
       0.56419395, 0.37096458, 0.49716108, 0.45286325, 0.51156196,
       0.55580376, 0.51266347, 0.43378816, 0.44667437, 0.44275622,
       0.34669076, 0.57437475, 0.50456726, 0.48031144, 0.42383706,
       0.3783168 , 0.50096307, 0.50563723, 0.44126781, 0.44223214,
       0.43671655, 0.49472666, 0.44948057, 0.60454007, 0.4596512 ,
       0.45998795, 0.43184076, 0.35565031, 0.43323137, 0.52454032,
       0.44496742, 0.44017886, 0.49176723, 0.41437471, 0.48772332,
       0.51364737, 0.50523469, 0.40307186])]"
ESVM,0.689119170984456 +- 0.03960757415192062,"{'pca__n_components': 35, 'svc__C': 0.6295660257538724, 'svc__kernel': 'rbf', 'svc__gamma': 0.09798977145917381, 'adaboost__n_estimators': 87, 'adaboost__learning_rate': 0.40967575300614606}",0.719626168224299,[0.6637931034482759],[0.7857142857142857],"[[[56, 39], [21, 77]]]","[array([0.50645942, 0.49356151, 0.50272883, 0.49831877, 0.50700978,
       0.50571225, 0.50078212, 0.49846174, 0.49872801, 0.49584406,
       0.50303313, 0.49794018, 0.49749527, 0.49981284, 0.49886563,
       0.50488613, 0.50135355, 0.49705263, 0.50040379, 0.50372674,
       0.49859319, 0.49355913, 0.50286895, 0.50160032, 0.50270472,
       0.49776819, 0.49270211, 0.49012675, 0.50085024, 0.50467027,
       0.50335233, 0.50329552, 0.4986508 , 0.49909312, 0.49844167,
       0.49699561, 0.49342814, 0.50103617, 0.49986708, 0.49328886,
       0.50371193, 0.50516715, 0.50408522, 0.5022375 , 0.50126133,
       0.50562899, 0.49757074, 0.49920753, 0.49885364, 0.49580912,
       0.50282781, 0.5019427 , 0.49797017, 0.48612565, 0.49790591,
       0.49812457, 0.5050678 , 0.49776442, 0.49717821, 0.5000623 ,
       0.4992477 , 0.50401811, 0.50164644, 0.48964096, 0.50112052,
       0.49496105, 0.5027953 , 0.50396502, 0.49803534, 0.49768871,
       0.49815494, 0.49807414, 0.504326  , 0.49960878, 0.5052835 ,
       0.49903525, 0.49606186, 0.50455637, 0.49736346, 0.50371928,
       0.50549038, 0.50581738, 0.50546649, 0.50204446, 0.49814023,
       0.50474018, 0.49010417, 0.50592925, 0.50144693, 0.50592812,
       0.50011763, 0.49971902, 0.49387735, 0.49731461, 0.5004206 ,
       0.50421693, 0.49736236, 0.4999584 , 0.49928655, 0.50533305,
       0.5008686 , 0.50314919, 0.4895537 , 0.49698075, 0.50335756,
       0.50559201, 0.49604008, 0.50028675, 0.49765771, 0.48991026,
       0.49565613, 0.49816814, 0.50265197, 0.50559591, 0.50032575,
       0.50284873, 0.50448374, 0.50644033, 0.50650481, 0.50624449,
       0.50507759, 0.50516919, 0.50629102, 0.50253535, 0.50343885,
       0.5057097 , 0.50749937, 0.50643805, 0.5052235 , 0.50178564,
       0.50440035, 0.50259626, 0.49976771, 0.49789124, 0.50166252,
       0.49914929, 0.5017159 , 0.49881956, 0.50473752, 0.50166301,
       0.50253689, 0.50157601, 0.50318848, 0.50142698, 0.50395561,
       0.50536865, 0.49830224, 0.50429974, 0.50098098, 0.50677595,
       0.50272428, 0.5044185 , 0.49939465, 0.503383  , 0.50194028,
       0.50955832, 0.4957166 , 0.50206117, 0.49612499, 0.50159297,
       0.51014941, 0.50537979, 0.49495637, 0.50056912, 0.50352192,
       0.50881517, 0.50726067, 0.50788871, 0.5044078 , 0.49641742,
       0.50212358, 0.50616307, 0.50172878, 0.49489821, 0.49727831,
       0.50129925, 0.50535164, 0.50801313, 0.50630389, 0.50090283,
       0.49779741, 0.49947659, 0.49819445, 0.49835163, 0.50608448,
       0.50697597, 0.50247049, 0.49398143, 0.49973162, 0.50100049,
       0.50272385, 0.50231341, 0.49222354])]"
WGLR,0.6528497409326425 +- 0.027498597046143505,0.9981988473130339,0.6995515695067265,[0.624],[0.7959183673469388],"[[[48, 47], [20, 78]]]","[array([ 0.75444579,  0.15925741,  0.68851793,  0.3363111 ,  0.85126984,
        0.74452019,  0.55556595,  0.46019804,  0.3984648 ,  0.19993567,
        0.60403955,  0.3441503 ,  0.22361314,  0.48537135,  0.37378776,
        0.74097061,  0.52761817,  0.16975939,  0.48523974,  0.72752857,
        0.33513582,  0.26442778,  0.73059154,  0.61028254,  0.60939002,
        0.3540194 ,  0.06544101, -0.06873834,  0.49418211,  0.66356122,
        0.67440224,  0.69423914,  0.45998001,  0.50988829,  0.40490663,
        0.38313353, -0.12137866,  0.63807583,  0.45425022, -0.06351352,
        0.64306056,  0.72283649,  0.66225445,  0.61032879,  0.46363199,
        0.67767549,  0.3446418 ,  0.41486788,  0.39089334, -0.12212169,
        0.54803944,  0.52469707,  0.13058186, -0.1583482 ,  0.20268357,
        0.23940051,  0.7080673 ,  0.11804354,  0.34926045,  0.47523761,
        0.41935456,  0.77946532,  0.61296284, -0.21879184,  0.78056669,
        0.49135089,  0.47866237,  0.71348262,  0.33690631,  0.37231493,
        0.38647532,  0.39820302,  0.5932833 ,  0.48923087,  0.77441084,
        0.40679979,  0.26322448,  0.67141473,  0.40177572,  0.59636235,
        0.61178398,  0.72480786,  0.70145094,  0.58453047,  0.4049964 ,
        0.70241487,  0.07383096,  0.84459507,  0.47093642,  0.70421553,
        0.41803432,  0.56805229,  0.23284566,  0.43236434,  0.48757219,
        0.62352371,  0.3824743 ,  0.44576645,  0.45381701,  0.69786179,
        0.46707273,  0.63986301, -0.17592192,  0.30288851,  0.60808253,
        0.69022465,  0.2773149 ,  0.46272898,  0.28973007, -0.0319196 ,
        0.28859591,  0.42972243,  0.59872103,  0.68983555,  0.4823004 ,
        0.58223236,  0.72424567,  0.5508163 ,  0.50665998,  0.69775903,
        0.72113764,  0.7957685 ,  0.74878848,  0.51148963,  0.67252016,
        0.7608856 ,  0.96560442,  0.7527436 ,  0.76605213,  0.46171892,
        0.67624354,  0.56365907,  0.13372397,  0.3976959 ,  0.53375173,
        0.33403015,  0.50339341,  0.3582474 ,  0.59430063,  0.40731895,
        0.58972907,  0.53650236,  0.62279177,  0.54070389,  0.66690612,
        0.77638805,  0.11749327,  0.6350677 ,  0.51950049,  1.01973212,
        0.54207397,  0.71110606,  0.3779279 ,  0.81215096,  0.60578895,
        1.48426998, -2.8755126 ,  0.20469582, -0.48214972,  0.54829741,
        1.21378934,  0.79866207,  0.28363919,  0.46144819,  0.5771873 ,
        0.76397407,  0.84499335,  1.02532446,  0.61679518,  0.26167715,
        0.5586499 ,  0.8112843 ,  0.53661144, -0.23001826,  0.2497021 ,
        0.55565023,  0.83035767,  0.82293224,  0.83493519,  0.45499372,
        0.27903605,  0.24630558,  0.27395308,  0.34965563,  0.56077397,
        0.65406346,  0.53274226, -1.44851637,  0.15535462,  0.44892406,
        0.47630072,  0.49278331, -0.30944741])]"
SVM,0.6735751295336787 +- 0.053328279476435175,"{'C': 100, 'degree': 2, 'gamma': 0.001, 'kernel': 'rbf'}",0.689655172413793,[0.6666666666666666],[0.7142857142857143],"[[[60, 35], [28, 70]]]","[array([0.68573787, 0.22633613, 0.5245564 , 0.39810428, 0.71612324,
       0.66276161, 0.42066681, 0.33568329, 0.36079077, 0.20188799,
       0.50874425, 0.3074648 , 0.34491894, 0.43302011, 0.40401508,
       0.62030901, 0.48592698, 0.28363329, 0.38687391, 0.56635702,
       0.33656067, 0.15634944, 0.50628287, 0.47089029, 0.50571123,
       0.31569163, 0.15421627, 0.07184295, 0.41988935, 0.60294947,
       0.55886616, 0.55424741, 0.40246277, 0.36874376, 0.32243978,
       0.24257587, 0.15858904, 0.43058345, 0.41643713, 0.22376084,
       0.56020069, 0.64261391, 0.5722089 , 0.5180873 , 0.52627184,
       0.68018436, 0.34107113, 0.39904666, 0.41616699, 0.31796993,
       0.56015977, 0.5       , 0.35817981, 0.06003183, 0.38989698,
       0.38045602, 0.64615939, 0.35810569, 0.35795037, 0.41926419,
       0.43232951, 0.58714786, 0.50666148, 0.10209318, 0.38794216,
       0.23675557, 0.51979457, 0.59714995, 0.40457317, 0.35069522,
       0.37487782, 0.38308228, 0.60888711, 0.40235188, 0.64728089,
       0.42112593, 0.32930537, 0.66966928, 0.39049835, 0.65154441,
       0.69883184, 0.7137709 , 0.69750863, 0.58524272, 0.33891184,
       0.63315921, 0.14012314, 0.70435418, 0.5572626 , 0.71531626,
       0.49408404, 0.4467495 , 0.24055772, 0.30760663, 0.42975928,
       0.60960749, 0.38525937, 0.52539529, 0.44437998, 0.68624716,
       0.52214387, 0.598066  , 0.13545262, 0.35772324, 0.61685887,
       0.69172925, 0.31919058, 0.51584765, 0.42572732, 0.10587747,
       0.31382297, 0.41096039, 0.55012888, 0.67406163, 0.53347032,
       0.61210178, 0.57957889, 0.64984593, 0.66200409, 0.66599988,
       0.64797138, 0.64486155, 0.69989327, 0.51867801, 0.58414921,
       0.65656322, 0.74381458, 0.6885536 , 0.64954082, 0.53030735,
       0.63131358, 0.53437481, 0.45349936, 0.33491771, 0.37711379,
       0.3981658 , 0.5       , 0.41823889, 0.64798183, 0.57117133,
       0.53299212, 0.46301398, 0.55499059, 0.51255893, 0.62860426,
       0.68690646, 0.4073835 , 0.63675178, 0.48885123, 0.6580634 ,
       0.5       , 0.6076199 , 0.44590959, 0.54558828, 0.51653157,
       0.81757935, 0.00767851, 0.51676258, 0.20893996, 0.46242758,
       0.83199156, 0.64738101, 0.19948261, 0.45843987, 0.53275474,
       0.76922586, 0.70009118, 0.70924055, 0.58384507, 0.25010901,
       0.46410145, 0.64398163, 0.47037191, 0.19247762, 0.22346282,
       0.39029302, 0.59276188, 0.74084904, 0.66932385, 0.40438279,
       0.30748088, 0.34959115, 0.34165071, 0.31986636, 0.65608301,
       0.71874773, 0.47957818, 0.11352669, 0.40052813, 0.44772225,
       0.54625985, 0.50509082, 0.12970204])]"
XGB,0.6269430051813472 +- 0.034836580585731455,"{'colsample_bytree': 1.0, 'gamma': 0, 'learning_rate': 0.2, 'max_depth': 5, 'min_child_weight': 4, 'n_estimators': 100, 'subsample': 0.8}",0.6571428571428571,[0.6160714285714286],[0.7040816326530612],"[[[52, 43], [29, 69]]]","[array([0.91178113, 0.07970218, 0.71376944, 0.39951438, 0.9925113 ,
       0.8539984 , 0.8796424 , 0.95526433, 0.60576105, 0.5597339 ,
       0.85282123, 0.2908075 , 0.22184779, 0.68691194, 0.57865876,
       0.9261285 , 0.32025918, 0.18287526, 0.8294294 , 0.63692945,
       0.67662895, 0.08198975, 0.21321651, 0.65518445, 0.77000624,
       0.68251866, 0.10397277, 0.05158222, 0.76205486, 0.9401695 ,
       0.5342054 , 0.9638585 , 0.14505273, 0.7143597 , 0.6922839 ,
       0.4514252 , 0.32472733, 0.68331325, 0.7931939 , 0.11582506,
       0.78332394, 0.89040285, 0.73204744, 0.73354125, 0.8466262 ,
       0.9938159 , 0.05128904, 0.13251658, 0.05828818, 0.03253158,
       0.64541996, 0.80223346, 0.5583857 , 0.00338204, 0.16089605,
       0.11080673, 0.8430445 , 0.17039719, 0.05890131, 0.679589  ,
       0.48669314, 0.21895286, 0.5330811 , 0.02492156, 0.30894822,
       0.25422093, 0.76708376, 0.9494404 , 0.0656177 , 0.02614715,
       0.12157634, 0.06669939, 0.7661439 , 0.47444636, 0.9335357 ,
       0.642587  , 0.02149738, 0.9218286 , 0.23684643, 0.9415388 ,
       0.9643856 , 0.8655615 , 0.7825796 , 0.55732554, 0.28612804,
       0.97661114, 0.01686079, 0.8238533 , 0.2585921 , 0.94651866,
       0.08279517, 0.14389727, 0.10790919, 0.19875707, 0.15034026,
       0.82626003, 0.09522711, 0.7487162 , 0.5535405 , 0.95883393,
       0.19994825, 0.5626648 , 0.02830154, 0.09632863, 0.9621188 ,
       0.94184804, 0.54424244, 0.05624851, 0.20257944, 0.00488516,
       0.0690401 , 0.12846367, 0.271688  , 0.9146438 , 0.2791208 ,
       0.98186344, 0.901837  , 0.9069731 , 0.80503166, 0.946227  ,
       0.9750108 , 0.8088028 , 0.77951276, 0.5847196 , 0.75155115,
       0.8467257 , 0.7709584 , 0.9423816 , 0.88230115, 0.7526647 ,
       0.9025881 , 0.11583224, 0.28647333, 0.43349946, 0.3117513 ,
       0.5232304 , 0.4099109 , 0.06336691, 0.6261862 , 0.6381688 ,
       0.80820364, 0.66725224, 0.8229521 , 0.8138078 , 0.9716322 ,
       0.92762196, 0.79794025, 0.82816106, 0.11118411, 0.9471457 ,
       0.5092655 , 0.5560296 , 0.11556721, 0.4568055 , 0.09273867,
       0.95779544, 0.11964305, 0.52214533, 0.38118273, 0.65804017,
       0.8860213 , 0.5960765 , 0.24514042, 0.34332985, 0.40313682,
       0.81950665, 0.9637678 , 0.8233382 , 0.07225268, 0.09771501,
       0.6016244 , 0.9496527 , 0.20993945, 0.45890644, 0.3448343 ,
       0.7580072 , 0.8755898 , 0.95944566, 0.96776617, 0.40008983,
       0.19681698, 0.05661523, 0.11530373, 0.3751988 , 0.81859523,
       0.7578143 , 0.85046744, 0.4192497 , 0.55575746, 0.718855  ,
       0.6766717 , 0.68348545, 0.3407996 ], dtype=float32)]"
LR,0.6632124352331606 +- 0.0464724119401226,"{'C': 1, 'penalty': 'l2', 'solver': 'liblinear'}",0.6700507614213197,[0.6666666666666666],[0.673469387755102],"[[[62, 33], [32, 66]]]","[array([7.01391157e-01, 2.37271403e-01, 5.63194021e-01, 4.04795367e-01,
       7.55265380e-01, 6.91501433e-01, 4.96088707e-01, 4.06985081e-01,
       4.17854966e-01, 2.41639857e-01, 5.64819612e-01, 3.51358830e-01,
       3.49222925e-01, 4.60102514e-01, 4.16262044e-01, 6.64048144e-01,
       5.15335873e-01, 2.96044071e-01, 4.48182975e-01, 6.36201921e-01,
       3.72836658e-01, 1.99265486e-01, 5.86071553e-01, 5.01307760e-01,
       5.75997354e-01, 3.66925302e-01, 1.64371708e-01, 1.04415535e-01,
       4.86219713e-01, 6.32807333e-01, 6.21553494e-01, 6.27503728e-01,
       4.43225274e-01, 4.41327732e-01, 3.66518024e-01, 3.18217429e-01,
       1.44453475e-01, 5.15219388e-01, 4.50059023e-01, 1.29819638e-01,
       5.60305715e-01, 6.43149949e-01, 5.88930603e-01, 5.50181256e-01,
       4.92005822e-01, 6.89746904e-01, 3.50877320e-01, 4.01097625e-01,
       4.09243406e-01, 2.10058893e-01, 4.87686251e-01, 5.01021683e-01,
       3.37881892e-01, 3.27909225e-02, 3.29520398e-01, 3.52520624e-01,
       6.32972570e-01, 3.26273923e-01, 3.69939028e-01, 4.67707127e-01,
       4.11455791e-01, 6.35916641e-01, 5.38078757e-01, 1.08092756e-01,
       4.67555086e-01, 1.43942733e-01, 5.39635934e-01, 6.09710577e-01,
       3.84983434e-01, 3.46827288e-01, 4.06969517e-01, 3.91978385e-01,
       5.98983797e-01, 4.47673803e-01, 6.82973182e-01, 4.28432071e-01,
       2.95343536e-01, 6.57130780e-01, 3.96337100e-01, 6.12699224e-01,
       6.55604963e-01, 7.05799559e-01, 6.86729062e-01, 5.55046121e-01,
       3.87662292e-01, 6.61573901e-01, 1.53262498e-01, 6.89125349e-01,
       5.41252087e-01, 6.99900797e-01, 4.88740393e-01, 4.61430104e-01,
       2.49924929e-01, 3.69791072e-01, 4.82731891e-01, 6.21395370e-01,
       4.00853022e-01, 4.98334668e-01, 4.75264116e-01, 6.81344220e-01,
       5.13144021e-01, 6.12203868e-01, 1.17854830e-01, 3.52774569e-01,
       6.06013476e-01, 6.79284821e-01, 3.30651729e-01, 4.96701246e-01,
       3.86784417e-01, 1.20288949e-01, 3.11908047e-01, 4.30571534e-01,
       5.80709985e-01, 6.73397685e-01, 5.09714199e-01, 5.92509039e-01,
       6.70522224e-01, 6.70995168e-01, 6.64820985e-01, 6.95867714e-01,
       6.70342161e-01, 6.91351014e-01, 7.23177186e-01, 5.30174058e-01,
       6.26661682e-01, 6.95242028e-01, 8.06664280e-01, 7.21558048e-01,
       6.99040935e-01, 5.25787678e-01, 6.56597075e-01, 5.61602730e-01,
       3.91446893e-01, 3.59714744e-01, 4.07179633e-01, 3.60245285e-01,
       5.27963956e-01, 4.08344491e-01, 6.27077456e-01, 5.06202838e-01,
       5.37572626e-01, 4.74290508e-01, 5.61853793e-01, 5.07135922e-01,
       6.30320714e-01, 6.96970773e-01, 2.84343583e-01, 6.27223793e-01,
       5.10933559e-01, 7.13827001e-01, 5.35645397e-01, 6.60585843e-01,
       4.29663258e-01, 6.08286354e-01, 5.22833664e-01, 8.70737453e-01,
       5.08133188e-04, 4.58405486e-01, 1.14145250e-01, 5.18367814e-01,
       9.07849297e-01, 7.14440306e-01, 2.30567697e-01, 5.02163388e-01,
       5.66352618e-01, 7.88509844e-01, 7.26557422e-01, 7.77305793e-01,
       6.14694496e-01, 2.70340376e-01, 5.07364985e-01, 7.32136106e-01,
       5.21611471e-01, 1.49196626e-01, 2.91010820e-01, 4.50793942e-01,
       6.45164018e-01, 7.83973125e-01, 7.41476909e-01, 4.49291313e-01,
       3.16161699e-01, 3.73706224e-01, 3.73576465e-01, 3.63478566e-01,
       6.47742038e-01, 6.97616353e-01, 4.95859357e-01, 2.08474736e-02,
       3.12151003e-01, 4.41531979e-01, 5.00287725e-01, 5.29693557e-01,
       6.78654565e-02])]"
RF,0.6632124352331606 +- 0.04375374323480856,"{'max_depth': 10, 'min_samples_leaf': 2, 'min_samples_split': 5, 'n_estimators': 300}",0.6368715083798882,[0.7037037037037037],[0.5816326530612245],"[[[71, 24], [41, 57]]]","[array([0.7794154 , 0.31297077, 0.58518754, 0.45169829, 0.84832347,
       0.7086208 , 0.5320925 , 0.48838565, 0.39194551, 0.44018494,
       0.58645844, 0.38990463, 0.29441991, 0.48701659, 0.35828446,
       0.73207092, 0.47474759, 0.30913804, 0.47916754, 0.54431656,
       0.4841771 , 0.31806708, 0.4841241 , 0.5594975 , 0.62079587,
       0.50773145, 0.32346913, 0.34285929, 0.55280008, 0.64803285,
       0.6385343 , 0.62983066, 0.30749748, 0.48222125, 0.4445727 ,
       0.42796681, 0.43066801, 0.46065691, 0.58131269, 0.23918188,
       0.3445808 , 0.63247234, 0.54579181, 0.59622866, 0.40460445,
       0.81844225, 0.27683899, 0.24382933, 0.25600422, 0.24379143,
       0.54176463, 0.49768382, 0.32550872, 0.17227068, 0.25688937,
       0.34638109, 0.63925422, 0.20519508, 0.26571371, 0.42300739,
       0.36097303, 0.37637826, 0.45721044, 0.23370447, 0.33774097,
       0.29885507, 0.42944354, 0.65298808, 0.22179578, 0.19270259,
       0.30484979, 0.27056853, 0.56642265, 0.39619569, 0.705892  ,
       0.32585986, 0.17242008, 0.83700239, 0.33317274, 0.81219416,
       0.76646594, 0.76359334, 0.74043423, 0.48378992, 0.36903664,
       0.54455506, 0.23234334, 0.74133201, 0.46624338, 0.71444604,
       0.42097218, 0.27587805, 0.28500351, 0.39984368, 0.46131777,
       0.66360359, 0.289652  , 0.57880337, 0.37287843, 0.82382886,
       0.4137719 , 0.4729673 , 0.24924825, 0.276425  , 0.79894988,
       0.73917798, 0.33981781, 0.37928045, 0.4002311 , 0.20027413,
       0.31996462, 0.34109383, 0.51318424, 0.71376791, 0.52797585,
       0.8169292 , 0.42381611, 0.60281935, 0.63291223, 0.70636859,
       0.75492974, 0.66610035, 0.65260095, 0.56403531, 0.60127193,
       0.73516675, 0.68201171, 0.72834474, 0.73374676, 0.75096934,
       0.70689966, 0.43222776, 0.43784676, 0.29743815, 0.4197071 ,
       0.49281849, 0.40333444, 0.25000311, 0.70437295, 0.48846979,
       0.6223623 , 0.43388015, 0.47495737, 0.61754289, 0.79421841,
       0.70358116, 0.70010579, 0.66826691, 0.3997269 , 0.57452116,
       0.51620749, 0.6241792 , 0.39480745, 0.3775147 , 0.41193935,
       0.62460489, 0.30537091, 0.4294788 , 0.39780598, 0.55876556,
       0.60308104, 0.61300209, 0.28448203, 0.45296253, 0.41747764,
       0.64223544, 0.68331365, 0.65368417, 0.42044649, 0.32620835,
       0.49605903, 0.57425102, 0.45536011, 0.32700613, 0.3935484 ,
       0.46291602, 0.51188434, 0.67861961, 0.64948116, 0.38654832,
       0.32125991, 0.35894276, 0.35095128, 0.3469509 , 0.67010161,
       0.61826693, 0.38485446, 0.4620765 , 0.41984941, 0.47141107,
       0.51446407, 0.5334133 , 0.35784632])]"
CNN,0.6010362694300518 +- 0.04317163563232915,Just one param in this model,0.6169154228855721,[0.6019417475728155],[0.6326530612244898],"[[[54, 41], [36, 62]]]","[array([[0.5999716 ],
       [0.44703835],
       [0.44798738],
       [0.34477088],
       [0.621924  ],
       [0.60888463],
       [0.54414296],
       [0.47149426],
       [0.50202775],
       [0.36745253],
       [0.36514997],
       [0.30574346],
       [0.50700605],
       [0.534001  ],
       [0.36453593],
       [0.5383192 ],
       [0.47470716],
       [0.44153988],
       [0.54175824],
       [0.59872687],
       [0.5220045 ],
       [0.45770916],
       [0.5822843 ],
       [0.5686386 ],
       [0.57118875],
       [0.47791162],
       [0.39248058],
       [0.34326696],
       [0.49749076],
       [0.5213557 ],
       [0.60309744],
       [0.40941072],
       [0.50819075],
       [0.52278394],
       [0.39141658],
       [0.35338902],
       [0.29237664],
       [0.47713593],
       [0.4419599 ],
       [0.40110654],
       [0.5694497 ],
       [0.5114296 ],
       [0.6040088 ],
       [0.52581286],
       [0.5847062 ],
       [0.583211  ],
       [0.4048833 ],
       [0.62347686],
       [0.5655971 ],
       [0.444583  ],
       [0.58158964],
       [0.4430892 ],
       [0.5414481 ],
       [0.16862139],
       [0.50568295],
       [0.4951674 ],
       [0.6012469 ],
       [0.53585804],
       [0.52290857],
       [0.48173594],
       [0.5468563 ],
       [0.56347793],
       [0.44217816],
       [0.19138163],
       [0.3722341 ],
       [0.24168313],
       [0.5690014 ],
       [0.59539324],
       [0.49640977],
       [0.42590442],
       [0.5224188 ],
       [0.3128266 ],
       [0.48786137],
       [0.47635823],
       [0.5859365 ],
       [0.5025362 ],
       [0.43531248],
       [0.5801181 ],
       [0.50811434],
       [0.518987  ],
       [0.45107633],
       [0.5993804 ],
       [0.62552476],
       [0.5715875 ],
       [0.8875241 ],
       [0.79677194],
       [0.33466733],
       [0.5065856 ],
       [0.37292704],
       [0.42147154],
       [0.43079385],
       [0.5315151 ],
       [0.2692324 ],
       [0.4704571 ],
       [0.34924534],
       [0.5409482 ],
       [0.42125428],
       [0.4634561 ],
       [0.6334678 ],
       [0.5985968 ],
       [0.47966895],
       [0.8912322 ],
       [0.396093  ],
       [0.43310025],
       [0.53181344],
       [0.5679145 ],
       [0.35241747],
       [0.55999047],
       [0.30399695],
       [0.41900775],
       [0.3400066 ],
       [0.52252316],
       [0.567638  ],
       [0.59255993],
       [0.516183  ],
       [0.49233443],
       [0.31413636],
       [0.5667871 ],
       [0.31973255],
       [0.58939654],
       [0.26464432],
       [0.53974026],
       [0.5611354 ],
       [0.37384638],
       [0.5504235 ],
       [0.55143315],
       [0.46833053],
       [0.55530614],
       [0.5464798 ],
       [0.3694311 ],
       [0.51943415],
       [0.46750057],
       [0.4718    ],
       [0.25065875],
       [0.50180334],
       [0.53315514],
       [0.78070563],
       [0.47566077],
       [0.59457874],
       [0.23915283],
       [0.51059955],
       [0.50610876],
       [0.5519633 ],
       [0.48033485],
       [0.5927288 ],
       [0.5637714 ],
       [0.10065258],
       [0.56671107],
       [0.21770358],
       [0.4617298 ],
       [0.5624909 ],
       [0.5641737 ],
       [0.27693734],
       [0.34774446],
       [0.5603835 ],
       [0.555252  ],
       [0.33590588],
       [0.56655174],
       [0.47339663],
       [0.24489601],
       [0.9988778 ],
       [0.57953316],
       [0.2218013 ],
       [0.42791006],
       [0.5550451 ],
       [0.5410578 ],
       [0.5849832 ],
       [0.56687737],
       [0.42680642],
       [0.4018519 ],
       [0.24445693],
       [0.5432419 ],
       [0.48972306],
       [0.51346236],
       [0.5091405 ],
       [0.543617  ],
       [0.5396388 ],
       [0.4450254 ],
       [0.5377522 ],
       [0.5094246 ],
       [0.4619627 ],
       [0.4394896 ],
       [0.35030016],
       [0.5075145 ],
       [0.55381185],
       [0.61686164],
       [0.5515475 ],
       [0.48437893],
       [0.5313512 ],
       [0.37920013],
       [0.5137287 ],
       [0.34116003],
       [0.48336262]], dtype=float32)]"
RNN,0.6528497409326425 +- 0.05033846459248697,Just one param in this model,0.6598984771573604,[0.6565656565656566],[0.6632653061224489],"[[[61, 34], [33, 65]]]","[array([[0.6158601 ],
       [0.39941216],
       [0.43571275],
       [0.29921678],
       [0.6365877 ],
       [0.6051916 ],
       [0.40542984],
       [0.31973174],
       [0.4367472 ],
       [0.319983  ],
       [0.39433286],
       [0.3012319 ],
       [0.4235138 ],
       [0.38916078],
       [0.30083635],
       [0.572256  ],
       [0.52708966],
       [0.32234353],
       [0.44797826],
       [0.5729634 ],
       [0.41642913],
       [0.28373235],
       [0.49866113],
       [0.47214252],
       [0.5348797 ],
       [0.35103047],
       [0.24338977],
       [0.22298215],
       [0.4439546 ],
       [0.5777424 ],
       [0.5734068 ],
       [0.4930849 ],
       [0.34124273],
       [0.38325268],
       [0.3080281 ],
       [0.22009009],
       [0.30532306],
       [0.3903072 ],
       [0.4987784 ],
       [0.38767332],
       [0.54146844],
       [0.5546505 ],
       [0.5834653 ],
       [0.4624881 ],
       [0.5427532 ],
       [0.63055927],
       [0.43920776],
       [0.5558617 ],
       [0.49297816],
       [0.36971918],
       [0.5486547 ],
       [0.47416654],
       [0.41071576],
       [0.14698727],
       [0.39042884],
       [0.41735566],
       [0.59949726],
       [0.40422294],
       [0.42346117],
       [0.41923472],
       [0.4847656 ],
       [0.48900077],
       [0.4460026 ],
       [0.11646525],
       [0.3608581 ],
       [0.32198042],
       [0.48914173],
       [0.59094906],
       [0.4522742 ],
       [0.3612505 ],
       [0.4148114 ],
       [0.39442965],
       [0.5618221 ],
       [0.3704567 ],
       [0.59823495],
       [0.43593448],
       [0.38900915],
       [0.6237601 ],
       [0.3862711 ],
       [0.6277365 ],
       [0.63129413],
       [0.64640695],
       [0.65238523],
       [0.5659869 ],
       [0.7526039 ],
       [0.7408754 ],
       [0.28807747],
       [0.6291361 ],
       [0.5547935 ],
       [0.63863444],
       [0.4758281 ],
       [0.482217  ],
       [0.24047057],
       [0.36600748],
       [0.36970383],
       [0.576315  ],
       [0.4763996 ],
       [0.53634024],
       [0.59360766],
       [0.6451896 ],
       [0.5183271 ],
       [0.67842764],
       [0.33284956],
       [0.43762067],
       [0.5914014 ],
       [0.62386507],
       [0.28687754],
       [0.5129357 ],
       [0.37769827],
       [0.3296593 ],
       [0.3383754 ],
       [0.46472618],
       [0.5527561 ],
       [0.6303384 ],
       [0.5661597 ],
       [0.5668849 ],
       [0.62131083],
       [0.71655554],
       [0.6249947 ],
       [0.72665083],
       [0.720106  ],
       [0.70332724],
       [0.73851794],
       [0.5897261 ],
       [0.70758986],
       [0.7425854 ],
       [0.74883044],
       [0.72855437],
       [0.72729874],
       [0.60909706],
       [0.67202914],
       [0.61279804],
       [0.6237718 ],
       [0.42625234],
       [0.5012326 ],
       [0.65516305],
       [0.62090605],
       [0.5184491 ],
       [0.73749065],
       [0.59928566],
       [0.7031316 ],
       [0.52009267],
       [0.6619179 ],
       [0.622463  ],
       [0.71367127],
       [0.72190475],
       [0.5282894 ],
       [0.68511313],
       [0.44577774],
       [0.6015687 ],
       [0.59543115],
       [0.60085183],
       [0.5199735 ],
       [0.5702074 ],
       [0.61120224],
       [0.75952053],
       [0.14728048],
       [0.5760895 ],
       [0.41566557],
       [0.44737107],
       [0.8331196 ],
       [0.61006707],
       [0.23028326],
       [0.4085843 ],
       [0.54000914],
       [0.67298985],
       [0.64221656],
       [0.60019606],
       [0.48103845],
       [0.27602562],
       [0.3611511 ],
       [0.6283053 ],
       [0.5877409 ],
       [0.41666627],
       [0.43567038],
       [0.46384257],
       [0.5756935 ],
       [0.7358129 ],
       [0.65490437],
       [0.40702268],
       [0.49338365],
       [0.46815464],
       [0.47109312],
       [0.508183  ],
       [0.7045072 ],
       [0.6892707 ],
       [0.59246504],
       [0.3489375 ],
       [0.47246897],
       [0.36120245],
       [0.5349296 ],
       [0.47588423],
       [0.24200603]], dtype=float32)]"
