Model,Accuracy,best_model,F1 Score,Precision,Recall,Confusion Matrix,Y Probs
MLP_Sklearn,0.6269430051813472 +- 0.059144640234573075,"{'solver': 'adam', 'learning_rate': 'constant', 'hidden_layer_sizes': (32,), 'alpha': 0.001, 'activation': 'logistic'}",0.6435643564356436,[0.625],[0.6632653061224489],"[[[56, 39], [33, 65]]]","[array([0.56617915, 0.37197035, 0.50416816, 0.42417302, 0.76505283,
       0.66735179, 0.50929621, 0.42985445, 0.41256725, 0.272618  ,
       0.36446821, 0.36860838, 0.36569088, 0.51678554, 0.4789829 ,
       0.53986354, 0.51436183, 0.34188118, 0.42624825, 0.45839978,
       0.41171936, 0.30973712, 0.45474043, 0.62636565, 0.41345181,
       0.49769575, 0.32483251, 0.23507357, 0.51428256, 0.521269  ,
       0.46136759, 0.47913209, 0.55934692, 0.46207261, 0.44844086,
       0.34952314, 0.33593975, 0.42568856, 0.49595524, 0.31368298,
       0.50206159, 0.62831196, 0.44946989, 0.57900351, 0.6111638 ,
       0.67307036, 0.35544608, 0.42052849, 0.42911399, 0.41416722,
       0.52318914, 0.42959992, 0.36867295, 0.23767366, 0.39298976,
       0.36904028, 0.59345034, 0.32527309, 0.41950322, 0.45204477,
       0.48757412, 0.60833193, 0.56568811, 0.24414368, 0.33684176,
       0.23964325, 0.59039785, 0.671498  , 0.38182088, 0.31832268,
       0.4262754 , 0.33952845, 0.51065391, 0.47262022, 0.64530101,
       0.45027671, 0.37419943, 0.71303303, 0.57411836, 0.75633568,
       0.74422979, 0.78535586, 0.75600596, 0.74820665, 0.55616187,
       0.61587639, 0.28722149, 0.75198642, 0.53641324, 0.69939467,
       0.59638025, 0.54754432, 0.39170032, 0.31644735, 0.41270998,
       0.54778478, 0.48256108, 0.65154239, 0.50718003, 0.77522825,
       0.68615856, 0.69653876, 0.31493514, 0.38399023, 0.73018124,
       0.70432843, 0.55839916, 0.61119555, 0.5584949 , 0.25893841,
       0.38242254, 0.48561901, 0.48789225, 0.64133916, 0.70699857,
       0.74487979, 0.49648193, 0.61573409, 0.64984548, 0.74635688,
       0.73086048, 0.76119916, 0.77632845, 0.64196551, 0.76743166,
       0.76700036, 0.71097593, 0.75055624, 0.76535733, 0.71989993,
       0.76906488, 0.55751533, 0.4746344 , 0.47811226, 0.27988373,
       0.65202144, 0.60535199, 0.56222735, 0.7377543 , 0.71945955,
       0.74043548, 0.60051317, 0.72297155, 0.69490065, 0.7210968 ,
       0.74126178, 0.61041055, 0.70486846, 0.51539347, 0.56060467,
       0.43049251, 0.54801657, 0.57831975, 0.58533199, 0.60208086,
       0.6303768 , 0.16366099, 0.43036665, 0.19948378, 0.45838075,
       0.81741574, 0.76738468, 0.24691541, 0.48191677, 0.4293772 ,
       0.78411424, 0.75476882, 0.72623239, 0.64063697, 0.34201655,
       0.42663852, 0.77125191, 0.75371059, 0.30197159, 0.71816013,
       0.28758952, 0.44708766, 0.80311109, 0.7878907 , 0.39280889,
       0.48258354, 0.69009746, 0.34605049, 0.45823923, 0.79862393,
       0.73449287, 0.36992271, 0.25315495, 0.40810127, 0.35813219,
       0.54329718, 0.52388676, 0.26121095])]"
MLP_Keras,0.5544041450777202 +- 0.03667732797200164,"{'num_hidden_layers': 4, 'units': 32, 'units_1': 64, 'optimizer': 'adam', 'units_2': 32, 'units_3': 32}",0.4109589041095891,[0.625],[0.30612244897959184],"[[[77, 18], [68, 30]]]","[array([[0.4879636 ],
       [0.37103617],
       [0.4546166 ],
       [0.43548605],
       [0.54167503],
       [0.5132154 ],
       [0.42674392],
       [0.40164056],
       [0.4395567 ],
       [0.3315133 ],
       [0.4034917 ],
       [0.40134758],
       [0.4000498 ],
       [0.44580424],
       [0.42973924],
       [0.46044007],
       [0.46305454],
       [0.40773866],
       [0.40734306],
       [0.4553062 ],
       [0.42832574],
       [0.35018095],
       [0.42411473],
       [0.47968057],
       [0.4185484 ],
       [0.4588562 ],
       [0.33991686],
       [0.2976019 ],
       [0.45774388],
       [0.48871228],
       [0.4418228 ],
       [0.46884304],
       [0.44364893],
       [0.42760178],
       [0.45573938],
       [0.39238578],
       [0.41902572],
       [0.44164944],
       [0.43594238],
       [0.41727093],
       [0.473991  ],
       [0.49720362],
       [0.43671557],
       [0.4443199 ],
       [0.5162284 ],
       [0.52693594],
       [0.39516315],
       [0.41944247],
       [0.42091534],
       [0.4659502 ],
       [0.47193673],
       [0.43590793],
       [0.43370682],
       [0.3574304 ],
       [0.45602122],
       [0.43631852],
       [0.49166873],
       [0.3982555 ],
       [0.41836384],
       [0.44187233],
       [0.43710572],
       [0.4803451 ],
       [0.44961235],
       [0.34061697],
       [0.38276592],
       [0.42213482],
       [0.51352996],
       [0.48942837],
       [0.4410728 ],
       [0.38862225],
       [0.42594624],
       [0.40676525],
       [0.4682445 ],
       [0.46695694],
       [0.5078847 ],
       [0.45133182],
       [0.39696217],
       [0.5380425 ],
       [0.45471898],
       [0.5517688 ],
       [0.5544488 ],
       [0.55575097],
       [0.53890705],
       [0.5530186 ],
       [0.47542706],
       [0.5076652 ],
       [0.35627162],
       [0.5446695 ],
       [0.47135222],
       [0.50646996],
       [0.45261642],
       [0.45161822],
       [0.39725503],
       [0.38475516],
       [0.45382407],
       [0.47934577],
       [0.4465949 ],
       [0.49240518],
       [0.46303537],
       [0.5483001 ],
       [0.47682646],
       [0.53595734],
       [0.37951905],
       [0.4262776 ],
       [0.51381487],
       [0.5344991 ],
       [0.47393194],
       [0.48558033],
       [0.49353412],
       [0.33035254],
       [0.42292884],
       [0.43526456],
       [0.45039582],
       [0.49756736],
       [0.53789407],
       [0.5561458 ],
       [0.48410064],
       [0.47981247],
       [0.52343225],
       [0.5205847 ],
       [0.52616096],
       [0.52467316],
       [0.5323    ],
       [0.53454995],
       [0.5441825 ],
       [0.54173064],
       [0.5295041 ],
       [0.5289464 ],
       [0.53056157],
       [0.519931  ],
       [0.53495693],
       [0.49685916],
       [0.446834  ],
       [0.4514719 ],
       [0.3453763 ],
       [0.47509632],
       [0.5052782 ],
       [0.4651792 ],
       [0.51984763],
       [0.55968404],
       [0.5298784 ],
       [0.44728705],
       [0.49971914],
       [0.52560353],
       [0.53856045],
       [0.54115814],
       [0.49097314],
       [0.52694863],
       [0.47424716],
       [0.4870473 ],
       [0.4393499 ],
       [0.4767811 ],
       [0.5015606 ],
       [0.500078  ],
       [0.50865144],
       [0.40104818],
       [0.35993737],
       [0.49500743],
       [0.39786944],
       [0.46722433],
       [0.46511003],
       [0.44508007],
       [0.3479806 ],
       [0.4493396 ],
       [0.43896574],
       [0.44239286],
       [0.42999506],
       [0.4232122 ],
       [0.5096513 ],
       [0.3769159 ],
       [0.4817161 ],
       [0.4224538 ],
       [0.42838532],
       [0.41243795],
       [0.42052725],
       [0.36494178],
       [0.45070338],
       [0.44311687],
       [0.42776504],
       [0.42055318],
       [0.44480863],
       [0.44359905],
       [0.39821512],
       [0.45444122],
       [0.4471407 ],
       [0.56128424],
       [0.42025197],
       [0.516776  ],
       [0.48058635],
       [0.42617768],
       [0.48071447],
       [0.46738872],
       [0.4571089 ]], dtype=float32)]"
E7GB,0.6010362694300518 +- 0.02697728451399028,"{0: {'num_leaves': 216, 'max_bin': 398, 'colsample_bytree': '0.730', 'learning_rate': '0.270', 'lambda_l2': 55, 'objective': 'binary'}, 1: {'num_leaves': 176, 'max_bin': 413, 'colsample_bytree': '0.730', 'learning_rate': '0.280', 'lambda_l2': 56, 'objective': 'binary'}, 2: {'num_leaves': 362, 'max_bin': 438, 'colsample_bytree': '0.550', 'learning_rate': '0.220', 'lambda_l2': 69, 'objective': 'binary'}, 3: {'num_leaves': 544, 'max_bin': 22, 'colsample_bytree': '0.320', 'learning_rate': '0.220', 'lambda_l2': 76, 'objective': 'binary'}, 4: {'num_leaves': 366, 'max_bin': 218, 'colsample_bytree': '0.400', 'learning_rate': '0.180', 'lambda_l2': 86, 'objective': 'binary'}, 5: {'num_leaves': 123, 'max_bin': 442, 'colsample_bytree': '0.410', 'learning_rate': '0.500', 'lambda_l2': 87, 'objective': 'binary'}, 6: {'num_leaves': 246, 'max_bin': 316, 'colsample_bytree': '0.670', 'learning_rate': '0.450', 'lambda_l2': 138, 'objective': 'binary'}}",0.5333333333333334,[0.6567164179104478],[0.4489795918367347],"[[[72, 23], [54, 44]]]","[array([0.44066516, 0.34860223, 0.49551319, 0.473109  , 0.61766251,
       0.59126339, 0.54083938, 0.41431786, 0.34494048, 0.33096612,
       0.3576507 , 0.32372819, 0.35149954, 0.35618282, 0.37781378,
       0.51318385, 0.50972909, 0.35513494, 0.40064496, 0.35097617,
       0.38711981, 0.42062455, 0.34351158, 0.58341216, 0.49056831,
       0.46123231, 0.42374606, 0.39023967, 0.45230843, 0.51259709,
       0.40916277, 0.49272316, 0.33490168, 0.47543926, 0.46495928,
       0.4414391 , 0.39931924, 0.31958695, 0.48419872, 0.49287195,
       0.42627636, 0.57818906, 0.28267141, 0.5185457 , 0.58258271,
       0.60989944, 0.32434602, 0.39752805, 0.40901017, 0.39892334,
       0.55348879, 0.45623685, 0.42241275, 0.26810489, 0.35902316,
       0.38143946, 0.46097331, 0.37685413, 0.30435389, 0.36955114,
       0.49425624, 0.53468646, 0.44977411, 0.32625207, 0.30946665,
       0.33726299, 0.45026569, 0.60398883, 0.28985481, 0.28550174,
       0.41973939, 0.26540205, 0.47934437, 0.31897304, 0.53895442,
       0.27111517, 0.28189509, 0.59397734, 0.36460844, 0.54705441,
       0.4886078 , 0.53712899, 0.54159015, 0.60387605, 0.40022842,
       0.42922371, 0.34542782, 0.48718267, 0.39410799, 0.48971173,
       0.59210196, 0.3375575 , 0.27377198, 0.38299499, 0.36908628,
       0.50706865, 0.36453133, 0.51406551, 0.27833756, 0.55967579,
       0.53112364, 0.464646  , 0.28849307, 0.30716929, 0.62070971,
       0.51246038, 0.28007521, 0.43148029, 0.27080738, 0.33761102,
       0.2844468 , 0.27892386, 0.39038442, 0.51127933, 0.63229678,
       0.6256342 , 0.37387788, 0.59631147, 0.57653544, 0.62417355,
       0.545318  , 0.5858884 , 0.46842972, 0.52244003, 0.55794142,
       0.55461533, 0.48520284, 0.57983761, 0.56200447, 0.56417553,
       0.55166408, 0.53369946, 0.35198047, 0.38713105, 0.22915736,
       0.59756621, 0.39111059, 0.40430007, 0.49114232, 0.53505047,
       0.50852437, 0.50095109, 0.57008193, 0.57475452, 0.61497816,
       0.50996061, 0.58101226, 0.56517879, 0.29965001, 0.40502894,
       0.36978293, 0.49861789, 0.41337057, 0.37559733, 0.4459527 ,
       0.57936336, 0.38569589, 0.44856021, 0.40266568, 0.44523574,
       0.55193798, 0.55373185, 0.37142921, 0.37855785, 0.39731539,
       0.46320512, 0.5979488 , 0.51298009, 0.53934762, 0.34372497,
       0.41803469, 0.54781625, 0.57679481, 0.38457677, 0.5656593 ,
       0.36391904, 0.41571442, 0.47198233, 0.56739306, 0.3704753 ,
       0.39472019, 0.53599061, 0.3596077 , 0.38902799, 0.59080651,
       0.48037503, 0.33449321, 0.5029472 , 0.42306978, 0.48031373,
       0.57907522, 0.43885491, 0.33664697])]"
ESVM,0.6476683937823834 +- 0.037587312503524054,"{'pca__n_components': 48, 'svc__C': 1.0396088379277098, 'svc__kernel': 'rbf', 'svc__gamma': 0.05199377509881697, 'adaboost__n_estimators': 75, 'adaboost__learning_rate': 0.04928824749709416}",0.6851851851851852,[0.6271186440677966],[0.7551020408163265],"[[[51, 44], [24, 74]]]","[array([0.51838087, 0.47901444, 0.51626287, 0.49161345, 0.57260158,
       0.54355819, 0.50620039, 0.48619125, 0.48030614, 0.45498087,
       0.46963225, 0.46970182, 0.47209765, 0.49999578, 0.5038336 ,
       0.51013035, 0.5137552 , 0.46930165, 0.50132207, 0.49066692,
       0.48737841, 0.47209786, 0.49140059, 0.53518675, 0.48728109,
       0.5069891 , 0.46951314, 0.47879467, 0.50689015, 0.50762467,
       0.48983808, 0.49472392, 0.51400714, 0.49135267, 0.49286911,
       0.48371785, 0.47880973, 0.48644905, 0.5063061 , 0.50710763,
       0.51255346, 0.53961336, 0.49017436, 0.52578408, 0.53237506,
       0.5497943 , 0.46854034, 0.48803234, 0.48723981, 0.50208271,
       0.53523346, 0.49293171, 0.48332035, 0.45372808, 0.48395457,
       0.47359433, 0.54044856, 0.45892761, 0.48218235, 0.48932605,
       0.52483605, 0.54407604, 0.5214956 , 0.4531397 , 0.48342911,
       0.48525427, 0.52938207, 0.54608013, 0.4847035 , 0.45669257,
       0.49074086, 0.4593412 , 0.51885479, 0.49669979, 0.53943983,
       0.48575426, 0.47218055, 0.56119767, 0.52335704, 0.57528522,
       0.57647095, 0.58510044, 0.57625457, 0.57318412, 0.51870101,
       0.53429189, 0.45819229, 0.57913456, 0.50748757, 0.55855149,
       0.5269348 , 0.5189907 , 0.47408099, 0.46375687, 0.48638883,
       0.51099646, 0.49293491, 0.53913659, 0.49847628, 0.5830733 ,
       0.543428  , 0.54989515, 0.45777134, 0.47279162, 0.5681729 ,
       0.5619406 , 0.51948191, 0.52810683, 0.51237366, 0.46761464,
       0.4721199 , 0.49048413, 0.49648025, 0.54430122, 0.55651328,
       0.57378824, 0.51215753, 0.54069479, 0.54880479, 0.56794989,
       0.56084131, 0.56675505, 0.57452874, 0.54446381, 0.56245847,
       0.56447528, 0.55938052, 0.5684415 , 0.5690541 , 0.55521234,
       0.56711139, 0.51939603, 0.49634918, 0.50956253, 0.45798952,
       0.54167748, 0.52806252, 0.51905878, 0.56655545, 0.55315797,
       0.5660281 , 0.52510721, 0.56125521, 0.55173775, 0.55740393,
       0.56337773, 0.54374518, 0.55173609, 0.50063039, 0.52709675,
       0.48379076, 0.50578598, 0.52308855, 0.52052596, 0.52293043,
       0.56430836, 0.48855703, 0.51050809, 0.49031217, 0.50118534,
       0.58500905, 0.5854976 , 0.4662667 , 0.50997822, 0.50086111,
       0.58742388, 0.58681568, 0.58133392, 0.53862328, 0.47365866,
       0.49913634, 0.58470402, 0.57899044, 0.46435187, 0.57810691,
       0.46455234, 0.50398551, 0.58936412, 0.58464442, 0.50128002,
       0.51186531, 0.57303175, 0.48231348, 0.49433716, 0.5871062 ,
       0.56852308, 0.48637174, 0.48214685, 0.49362544, 0.49783799,
       0.53567085, 0.50584114, 0.46014984])]"
WGLR,0.6113989637305699 +- 0.018039977238798563,0.9999999963878787,0.4755244755244755,[0.7555555555555555],[0.3469387755102041],"[[[84, 11], [64, 34]]]","[array([ 0.74853516,  0.42578125,  0.66992188,  0.31884766,  0.78759766,
        0.52246094,  0.69970703,  0.64990234,  0.09423828,  0.40380859,
        0.04248047,  0.18310547,  0.55517578,  0.71533203,  0.70507812,
        0.64111328,  0.72216797,  0.45556641,  0.68603516,  0.43945312,
        0.59912109,  0.56640625,  0.34521484,  0.73876953,  0.91748047,
        0.49414062,  0.53222656,  0.65429688,  0.97509766,  1.01464844,
        0.99658203,  0.02392578,  0.77685547,  0.43652344,  0.30371094,
        0.43994141,  0.7421875 ,  0.64892578,  0.78466797,  0.61181641,
        0.55566406,  0.64648438,  0.62207031,  0.53222656,  0.64794922,
        0.73242188,  0.14746094,  0.07763672,  0.6328125 ,  0.1796875 ,
        0.88232422,  0.53466797,  0.32714844,  0.18505859,  0.46337891,
        0.35058594,  0.48339844,  0.60107422,  0.59912109,  0.43603516,
        0.76220703,  1.1171875 ,  0.40966797,  0.02050781,  0.64208984,
        1.48486328,  0.30712891,  0.67236328,  0.49755859,  0.08935547,
        0.70117188,  0.08642578,  0.47705078,  0.3046875 ,  0.74023438,
        0.40869141,  0.17724609,  0.71289062,  0.89794922,  0.99169922,
        0.63818359,  0.96679688,  1.06591797,  1.2421875 ,  0.39306641,
        0.91015625,  0.24658203,  1.06689453,  0.52001953,  0.56982422,
        0.71240234,  0.89941406, -0.21972656,  0.66894531,  0.93408203,
        0.56005859,  0.41699219,  0.57666016,  0.34082031,  0.98632812,
        0.93798828,  0.47705078,  0.09667969,  0.53027344,  0.90771484,
        0.90039062,  0.30859375,  0.68066406,  0.55029297, -0.13134766,
        0.484375  ,  0.36962891,  0.70019531,  0.88183594,  1.38378906,
        1.02392578,  0.54492188,  0.74023438,  1.35400391,  1.44482422,
        0.79492188,  1.50683594,  1.01513672,  1.        ,  1.30761719,
        1.43798828,  1.10449219,  1.10400391,  1.18701172,  0.85791016,
        1.14892578,  0.68554688,  0.93652344,  0.59521484,  0.24365234,
        1.17626953,  0.18164062,  0.64404297,  1.15820312,  1.28271484,
        1.03222656,  0.53125   ,  1.27490234,  0.85400391,  0.86425781,
        0.82666016,  0.15869141,  0.84570312,  0.37792969,  0.90039062,
        0.32519531,  0.53564453,  0.98095703,  0.26904297,  0.51318359,
        9.51806641, -1.18408203, -0.20556641, -1.90527344,  0.35791016,
       10.10498047,  6.64355469,  0.22753906,  0.33154297,  0.81933594,
       11.640625  , 15.46142578,  2.96386719,  0.53759766,  0.67578125,
        0.46337891, 12.88427734,  4.98535156,  0.30175781,  4.03125   ,
        0.91015625,  0.76220703, 16.76513672, 10.5546875 ,  0.49023438,
        0.48291016, -0.35205078,  0.12207031,  0.34228516, 10.15820312,
        0.49072266,  0.76269531, -0.16845703, -0.01806641,  0.76123047,
       -0.09814453,  0.375     , -0.29443359])]"
SVM,0.6424870466321243 +- 0.05658571059071897,"{'C': 0.1, 'degree': 2, 'gamma': 'scale', 'kernel': 'rbf'}",0.6532663316582915,[0.6435643564356436],[0.6632653061224489],"[[[59, 36], [33, 65]]]","[array([0.56800307, 0.36297434, 0.5       , 0.45692077, 0.67583846,
       0.62034256, 0.45119985, 0.4089586 , 0.41369638, 0.33547251,
       0.39079237, 0.3589635 , 0.37609173, 0.48429664, 0.47929383,
       0.52535252, 0.52926072, 0.36318445, 0.41910069, 0.45996436,
       0.39824116, 0.34502386, 0.43642648, 0.57833183, 0.4041796 ,
       0.43664493, 0.34236505, 0.38698017, 0.46523173, 0.52403772,
       0.45163258, 0.46973924, 0.510586  , 0.42308349, 0.41369333,
       0.37199302, 0.3955395 , 0.41001226, 0.4879558 , 0.49109203,
       0.54868611, 0.63181722, 0.47783466, 0.56389647, 0.6097907 ,
       0.64737237, 0.36980362, 0.40808731, 0.42404238, 0.51588806,
       0.60946838, 0.46115282, 0.42445391, 0.35018698, 0.46046219,
       0.4078328 , 0.62039192, 0.35666563, 0.42447569, 0.43216821,
       0.52141291, 0.6105714 , 0.55338121, 0.34709086, 0.39023182,
       0.43854161, 0.57153674, 0.63754193, 0.44119934, 0.34485489,
       0.41366412, 0.37096313, 0.55727752, 0.44839043, 0.62253838,
       0.43218605, 0.3819369 , 0.67645197, 0.53372528, 0.70725459,
       0.70052879, 0.71191652, 0.7058082 , 0.68286653, 0.5       ,
       0.58551244, 0.32736053, 0.7081097 , 0.54748997, 0.647802  ,
       0.5964959 , 0.51819242, 0.38117731, 0.33237302, 0.41560453,
       0.54011315, 0.46719639, 0.61313408, 0.46284062, 0.71631487,
       0.6240479 , 0.61998899, 0.33360918, 0.38484609, 0.68241442,
       0.68319883, 0.53858248, 0.59415305, 0.54338396, 0.35388044,
       0.41085495, 0.44584624, 0.47893322, 0.64389022, 0.65930722,
       0.68831576, 0.51010731, 0.59867112, 0.5976022 , 0.64893686,
       0.64188909, 0.6337544 , 0.66090168, 0.58155656, 0.63130044,
       0.62504176, 0.58794724, 0.65490754, 0.65040782, 0.63667384,
       0.64914781, 0.53386155, 0.51057825, 0.5       , 0.36882374,
       0.60188323, 0.54953093, 0.55302623, 0.65320653, 0.62056855,
       0.66040278, 0.5498592 , 0.62514813, 0.64234685, 0.65529121,
       0.6543919 , 0.57927713, 0.64651895, 0.50836701, 0.56791084,
       0.45437785, 0.53651196, 0.57709934, 0.53986089, 0.57884331,
       0.5178971 , 0.47500946, 0.52094248, 0.4683983 , 0.46533954,
       0.53149475, 0.56436596, 0.36128823, 0.52465438, 0.47655306,
       0.56809858, 0.56929641, 0.55771052, 0.59109431, 0.39136601,
       0.46609947, 0.56216216, 0.55130987, 0.39019331, 0.54564124,
       0.38307805, 0.5164345 , 0.56201336, 0.56102738, 0.4581177 ,
       0.51436164, 0.54808827, 0.42485771, 0.46737594, 0.55950305,
       0.66687999, 0.47132368, 0.45970904, 0.49229708, 0.45526005,
       0.59996936, 0.50600453, 0.37926209])]"
XGB,0.6062176165803109 +- 0.04594873662819207,"{'colsample_bytree': 0.8, 'gamma': 0.2, 'learning_rate': 0.1, 'max_depth': 7, 'min_child_weight': 1, 'n_estimators': 100, 'subsample': 0.8}",0.6346153846153846,[0.6],[0.673469387755102],"[[[51, 44], [32, 66]]]","[array([0.3533865 , 0.34175384, 0.88901854, 0.5612521 , 0.9508247 ,
       0.9202417 , 0.92064995, 0.6723876 , 0.17631657, 0.19903031,
       0.12008158, 0.13636346, 0.24464212, 0.3269934 , 0.39078856,
       0.72710454, 0.63952327, 0.33094934, 0.74841535, 0.61807317,
       0.4316194 , 0.59734553, 0.05597483, 0.82514143, 0.8249496 ,
       0.5795549 , 0.700444  , 0.59167516, 0.32072482, 0.8333968 ,
       0.3199609 , 0.8024806 , 0.19556572, 0.79836386, 0.60525644,
       0.29684252, 0.3340126 , 0.26520887, 0.87238437, 0.19383326,
       0.32987845, 0.5243279 , 0.04406382, 0.6627791 , 0.6350716 ,
       0.97886664, 0.16749342, 0.36360583, 0.33459517, 0.27085108,
       0.48753005, 0.5426368 , 0.4190713 , 0.18291959, 0.07198811,
       0.22514328, 0.56750554, 0.21236311, 0.05912196, 0.6332913 ,
       0.5886997 , 0.44712964, 0.67923415, 0.12534446, 0.2143246 ,
       0.38241306, 0.6787843 , 0.8250759 , 0.15138288, 0.04611686,
       0.74881256, 0.12850964, 0.5853832 , 0.12380689, 0.8655271 ,
       0.341987  , 0.04001838, 0.9720766 , 0.30745062, 0.9670407 ,
       0.92204046, 0.7927611 , 0.9158269 , 0.97287107, 0.64744216,
       0.7005841 , 0.5874725 , 0.8785259 , 0.25692174, 0.90212786,
       0.552848  , 0.13618866, 0.04824385, 0.728356  , 0.45876953,
       0.6183678 , 0.37700805, 0.8423648 , 0.32806623, 0.9097873 ,
       0.51647186, 0.79159784, 0.08378816, 0.21697259, 0.93842214,
       0.95665824, 0.11968518, 0.36541796, 0.28353313, 0.3475404 ,
       0.10759311, 0.23124942, 0.6783732 , 0.33367807, 0.9173109 ,
       0.95747983, 0.5319055 , 0.89978814, 0.8123107 , 0.96705717,
       0.9492829 , 0.9521635 , 0.8866958 , 0.80035347, 0.8831201 ,
       0.95876664, 0.9493692 , 0.9540955 , 0.9005133 , 0.9665068 ,
       0.9660736 , 0.6431949 , 0.24169102, 0.23016019, 0.0167428 ,
       0.9445568 , 0.6997509 , 0.14759718, 0.8506789 , 0.89676166,
       0.6801776 , 0.61073196, 0.88681054, 0.8506522 , 0.9648082 ,
       0.8236685 , 0.92461056, 0.75342906, 0.25110698, 0.3236613 ,
       0.46608618, 0.9186257 , 0.2258248 , 0.57635957, 0.21816915,
       0.9825556 , 0.30364674, 0.6202476 , 0.58537966, 0.43659404,
       0.9752067 , 0.9690166 , 0.5255586 , 0.23383203, 0.30002782,
       0.8172076 , 0.9816341 , 0.9663634 , 0.6621344 , 0.23106267,
       0.48594433, 0.97673064, 0.9805962 , 0.26431522, 0.98241246,
       0.173239  , 0.75036883, 0.9061339 , 0.98326194, 0.33572114,
       0.5817525 , 0.9545554 , 0.19604808, 0.22300719, 0.9770931 ,
       0.948815  , 0.15707044, 0.48663092, 0.41878983, 0.7690088 ,
       0.68784684, 0.49122027, 0.08103549], dtype=float32)]"
LR,0.6269430051813472 +- 0.05777372777720403,"{'C': 0.1, 'penalty': 'l2', 'solver': 'liblinear'}",0.6603773584905661,[0.6140350877192983],[0.7142857142857143],"[[[51, 44], [28, 70]]]","[array([0.56042072, 0.41694556, 0.55584351, 0.45145896, 0.72377206,
       0.62826015, 0.53132437, 0.45705322, 0.4397474 , 0.28997226,
       0.37509727, 0.39919457, 0.39812836, 0.51224289, 0.52421577,
       0.53653734, 0.54029651, 0.39271819, 0.48912127, 0.45840668,
       0.45973097, 0.34685427, 0.46964196, 0.61981625, 0.44704254,
       0.54064576, 0.35268273, 0.24012432, 0.53577059, 0.52111482,
       0.47280692, 0.4727904 , 0.56214843, 0.48389941, 0.48922797,
       0.40103869, 0.37476743, 0.46149391, 0.51678347, 0.43503271,
       0.52593454, 0.5990345 , 0.47513603, 0.58431601, 0.59215271,
       0.63214297, 0.39422105, 0.45362493, 0.4654624 , 0.48176657,
       0.57786511, 0.47746922, 0.41747945, 0.25791184, 0.43895067,
       0.40816785, 0.60386038, 0.35522252, 0.44539651, 0.47296905,
       0.55963959, 0.63278266, 0.57096097, 0.25719824, 0.42748995,
       0.31574905, 0.59991795, 0.64197498, 0.41933028, 0.33783484,
       0.47616074, 0.35058232, 0.5503523 , 0.51231933, 0.62062063,
       0.45571426, 0.39660351, 0.64627956, 0.56963612, 0.68973318,
       0.69973824, 0.71982029, 0.68699625, 0.69521782, 0.55533993,
       0.60035402, 0.28115162, 0.69760484, 0.50225641, 0.63769305,
       0.56238924, 0.56511864, 0.41607028, 0.34197742, 0.4542531 ,
       0.53917993, 0.47192199, 0.6062979 , 0.51084492, 0.71556267,
       0.63192253, 0.64185125, 0.33058367, 0.40680581, 0.67546666,
       0.66017881, 0.57416653, 0.58274591, 0.54709361, 0.26969404,
       0.38498463, 0.48006647, 0.48833603, 0.61792873, 0.65490894,
       0.69078131, 0.527645  , 0.59112164, 0.61291131, 0.69562439,
       0.66939036, 0.69605539, 0.70261775, 0.6289168 , 0.70039784,
       0.69387444, 0.67598145, 0.68754893, 0.69462824, 0.65906856,
       0.69490847, 0.52249426, 0.46228934, 0.51065122, 0.27649005,
       0.59707452, 0.5612948 , 0.55196977, 0.68476285, 0.64669233,
       0.67533301, 0.5715567 , 0.66918461, 0.63111836, 0.64940213,
       0.66634695, 0.57282279, 0.63357739, 0.49277255, 0.56883156,
       0.44011463, 0.524307  , 0.55366353, 0.55913892, 0.5606942 ,
       0.60247748, 0.05815835, 0.51214022, 0.21211221, 0.49994628,
       0.7538263 , 0.69074397, 0.27629191, 0.53070294, 0.49473745,
       0.68884836, 0.68810169, 0.66597808, 0.63663859, 0.39370882,
       0.49608001, 0.6968105 , 0.68069487, 0.33838657, 0.68993557,
       0.33583774, 0.50837333, 0.71874261, 0.69487354, 0.4902371 ,
       0.55275566, 0.64030852, 0.422797  , 0.47708805, 0.71191479,
       0.7043869 , 0.43284306, 0.31733585, 0.45720552, 0.46293499,
       0.59921953, 0.53109777, 0.3156119 ])]"
RF,0.616580310880829 +- 0.03719946196815953,"{'max_depth': 10, 'min_samples_leaf': 4, 'min_samples_split': 2, 'n_estimators': 300}",0.5595238095238094,[0.6714285714285714],[0.47959183673469385],"[[[72, 23], [51, 47]]]","[array([0.49846533, 0.20514936, 0.57547935, 0.53596987, 0.88929165,
       0.5724478 , 0.52779099, 0.49312216, 0.36706856, 0.34011333,
       0.60312706, 0.32221557, 0.30616909, 0.43881524, 0.33635434,
       0.57264989, 0.54630072, 0.31957185, 0.4675112 , 0.49583281,
       0.34955842, 0.25915522, 0.56296159, 0.55108805, 0.52793406,
       0.41401167, 0.25487287, 0.31798471, 0.5656225 , 0.56754203,
       0.54973803, 0.65113317, 0.38185853, 0.48386926, 0.42914357,
       0.39542791, 0.39637502, 0.4450556 , 0.61703359, 0.2657069 ,
       0.33188997, 0.64243846, 0.43237207, 0.58770839, 0.47264306,
       0.85822927, 0.24549837, 0.37511628, 0.27645896, 0.27163565,
       0.69726809, 0.43265681, 0.44475688, 0.17994179, 0.2239907 ,
       0.3963956 , 0.52571214, 0.19965452, 0.18417003, 0.33564797,
       0.39265018, 0.41921177, 0.44063448, 0.25837811, 0.25709764,
       0.30429263, 0.49970803, 0.6809476 , 0.23742893, 0.20624939,
       0.29860189, 0.27618466, 0.42959751, 0.29689906, 0.66926505,
       0.30979187, 0.17425438, 0.83507393, 0.38728147, 0.90515424,
       0.88418635, 0.79457504, 0.82400734, 0.82021822, 0.46004374,
       0.51562581, 0.30509383, 0.78249521, 0.44040656, 0.80877592,
       0.4180734 , 0.2568884 , 0.24396168, 0.27456346, 0.45473976,
       0.4526619 , 0.3200714 , 0.42692332, 0.40083154, 0.89950876,
       0.48558169, 0.5331485 , 0.19923371, 0.23948985, 0.8494621 ,
       0.83802659, 0.42392525, 0.42832274, 0.35010849, 0.16610577,
       0.3404602 , 0.34655117, 0.37950302, 0.58738798, 0.70866182,
       0.87449895, 0.35326185, 0.82698775, 0.76008994, 0.89494963,
       0.84953824, 0.72229475, 0.78672507, 0.70870877, 0.76712234,
       0.76596404, 0.62690012, 0.81830853, 0.78793431, 0.84035086,
       0.83067497, 0.40533761, 0.42526993, 0.29903634, 0.32566389,
       0.78966255, 0.51999724, 0.30698441, 0.815218  , 0.75882371,
       0.78473861, 0.39362547, 0.7552769 , 0.71469216, 0.87841788,
       0.74917941, 0.75112771, 0.77079189, 0.41005536, 0.49785998,
       0.44993354, 0.51353712, 0.43520742, 0.43366712, 0.41757473,
       0.46428996, 0.29169837, 0.42801208, 0.34004515, 0.4878074 ,
       0.41253094, 0.40066087, 0.2523472 , 0.43850059, 0.45218359,
       0.43303635, 0.50272989, 0.43505938, 0.64008322, 0.37121397,
       0.51258866, 0.44277198, 0.34887472, 0.31018931, 0.34800592,
       0.38522828, 0.44178307, 0.44969129, 0.47729663, 0.48018784,
       0.32610043, 0.3769628 , 0.31572603, 0.31558447, 0.45320079,
       0.75292284, 0.35949769, 0.40676022, 0.40449959, 0.45872895,
       0.5464323 , 0.42753868, 0.28804571])]"
CNN,0.6010362694300518 +- 0.04317163563232915,Just one param in this model,0.6169154228855721,[0.6019417475728155],[0.6326530612244898],"[[[54, 41], [36, 62]]]","[array([[0.5999716 ],
       [0.44703835],
       [0.44798738],
       [0.34477088],
       [0.621924  ],
       [0.60888463],
       [0.54414296],
       [0.47149426],
       [0.50202775],
       [0.36745253],
       [0.36514997],
       [0.30574346],
       [0.50700605],
       [0.534001  ],
       [0.36453593],
       [0.5383192 ],
       [0.47470716],
       [0.44153988],
       [0.54175824],
       [0.59872687],
       [0.5220045 ],
       [0.45770916],
       [0.5822843 ],
       [0.5686386 ],
       [0.57118875],
       [0.47791162],
       [0.39248058],
       [0.34326696],
       [0.49749076],
       [0.5213557 ],
       [0.60309744],
       [0.40941072],
       [0.50819075],
       [0.52278394],
       [0.39141658],
       [0.35338902],
       [0.29237664],
       [0.47713593],
       [0.4419599 ],
       [0.40110654],
       [0.5694497 ],
       [0.5114296 ],
       [0.6040088 ],
       [0.52581286],
       [0.5847062 ],
       [0.583211  ],
       [0.4048833 ],
       [0.62347686],
       [0.5655971 ],
       [0.444583  ],
       [0.58158964],
       [0.4430892 ],
       [0.5414481 ],
       [0.16862139],
       [0.50568295],
       [0.4951674 ],
       [0.6012469 ],
       [0.53585804],
       [0.52290857],
       [0.48173594],
       [0.5468563 ],
       [0.56347793],
       [0.44217816],
       [0.19138163],
       [0.3722341 ],
       [0.24168313],
       [0.5690014 ],
       [0.59539324],
       [0.49640977],
       [0.42590442],
       [0.5224188 ],
       [0.3128266 ],
       [0.48786137],
       [0.47635823],
       [0.5859365 ],
       [0.5025362 ],
       [0.43531248],
       [0.5801181 ],
       [0.50811434],
       [0.518987  ],
       [0.45107633],
       [0.5993804 ],
       [0.62552476],
       [0.5715875 ],
       [0.8875241 ],
       [0.79677194],
       [0.33466733],
       [0.5065856 ],
       [0.37292704],
       [0.42147154],
       [0.43079385],
       [0.5315151 ],
       [0.2692324 ],
       [0.4704571 ],
       [0.34924534],
       [0.5409482 ],
       [0.42125428],
       [0.4634561 ],
       [0.6334678 ],
       [0.5985968 ],
       [0.47966895],
       [0.8912322 ],
       [0.396093  ],
       [0.43310025],
       [0.53181344],
       [0.5679145 ],
       [0.35241747],
       [0.55999047],
       [0.30399695],
       [0.41900775],
       [0.3400066 ],
       [0.52252316],
       [0.567638  ],
       [0.59255993],
       [0.516183  ],
       [0.49233443],
       [0.31413636],
       [0.5667871 ],
       [0.31973255],
       [0.58939654],
       [0.26464432],
       [0.53974026],
       [0.5611354 ],
       [0.37384638],
       [0.5504235 ],
       [0.55143315],
       [0.46833053],
       [0.55530614],
       [0.5464798 ],
       [0.3694311 ],
       [0.51943415],
       [0.46750057],
       [0.4718    ],
       [0.25065875],
       [0.50180334],
       [0.53315514],
       [0.78070563],
       [0.47566077],
       [0.59457874],
       [0.23915283],
       [0.51059955],
       [0.50610876],
       [0.5519633 ],
       [0.48033485],
       [0.5927288 ],
       [0.5637714 ],
       [0.10065258],
       [0.56671107],
       [0.21770358],
       [0.4617298 ],
       [0.5624909 ],
       [0.5641737 ],
       [0.27693734],
       [0.34774446],
       [0.5603835 ],
       [0.555252  ],
       [0.33590588],
       [0.56655174],
       [0.47339663],
       [0.24489601],
       [0.9988778 ],
       [0.57953316],
       [0.2218013 ],
       [0.42791006],
       [0.5550451 ],
       [0.5410578 ],
       [0.5849832 ],
       [0.56687737],
       [0.42680642],
       [0.4018519 ],
       [0.24445693],
       [0.5432419 ],
       [0.48972306],
       [0.51346236],
       [0.5091405 ],
       [0.543617  ],
       [0.5396388 ],
       [0.4450254 ],
       [0.5377522 ],
       [0.5094246 ],
       [0.4619627 ],
       [0.4394896 ],
       [0.35030016],
       [0.5075145 ],
       [0.55381185],
       [0.61686164],
       [0.5515475 ],
       [0.48437893],
       [0.5313512 ],
       [0.37920013],
       [0.5137287 ],
       [0.34116003],
       [0.48336262]], dtype=float32)]"
RNN,0.6528497409326425 +- 0.05033846459248697,Just one param in this model,0.6598984771573604,[0.6565656565656566],[0.6632653061224489],"[[[61, 34], [33, 65]]]","[array([[0.6158601 ],
       [0.39941216],
       [0.43571275],
       [0.29921678],
       [0.6365877 ],
       [0.6051916 ],
       [0.40542984],
       [0.31973174],
       [0.4367472 ],
       [0.319983  ],
       [0.39433286],
       [0.3012319 ],
       [0.4235138 ],
       [0.38916078],
       [0.30083635],
       [0.572256  ],
       [0.52708966],
       [0.32234353],
       [0.44797826],
       [0.5729634 ],
       [0.41642913],
       [0.28373235],
       [0.49866113],
       [0.47214252],
       [0.5348797 ],
       [0.35103047],
       [0.24338977],
       [0.22298215],
       [0.4439546 ],
       [0.5777424 ],
       [0.5734068 ],
       [0.4930849 ],
       [0.34124273],
       [0.38325268],
       [0.3080281 ],
       [0.22009009],
       [0.30532306],
       [0.3903072 ],
       [0.4987784 ],
       [0.38767332],
       [0.54146844],
       [0.5546505 ],
       [0.5834653 ],
       [0.4624881 ],
       [0.5427532 ],
       [0.63055927],
       [0.43920776],
       [0.5558617 ],
       [0.49297816],
       [0.36971918],
       [0.5486547 ],
       [0.47416654],
       [0.41071576],
       [0.14698727],
       [0.39042884],
       [0.41735566],
       [0.59949726],
       [0.40422294],
       [0.42346117],
       [0.41923472],
       [0.4847656 ],
       [0.48900077],
       [0.4460026 ],
       [0.11646525],
       [0.3608581 ],
       [0.32198042],
       [0.48914173],
       [0.59094906],
       [0.4522742 ],
       [0.3612505 ],
       [0.4148114 ],
       [0.39442965],
       [0.5618221 ],
       [0.3704567 ],
       [0.59823495],
       [0.43593448],
       [0.38900915],
       [0.6237601 ],
       [0.3862711 ],
       [0.6277365 ],
       [0.63129413],
       [0.64640695],
       [0.65238523],
       [0.5659869 ],
       [0.7526039 ],
       [0.7408754 ],
       [0.28807747],
       [0.6291361 ],
       [0.5547935 ],
       [0.63863444],
       [0.4758281 ],
       [0.482217  ],
       [0.24047057],
       [0.36600748],
       [0.36970383],
       [0.576315  ],
       [0.4763996 ],
       [0.53634024],
       [0.59360766],
       [0.6451896 ],
       [0.5183271 ],
       [0.67842764],
       [0.33284956],
       [0.43762067],
       [0.5914014 ],
       [0.62386507],
       [0.28687754],
       [0.5129357 ],
       [0.37769827],
       [0.3296593 ],
       [0.3383754 ],
       [0.46472618],
       [0.5527561 ],
       [0.6303384 ],
       [0.5661597 ],
       [0.5668849 ],
       [0.62131083],
       [0.71655554],
       [0.6249947 ],
       [0.72665083],
       [0.720106  ],
       [0.70332724],
       [0.73851794],
       [0.5897261 ],
       [0.70758986],
       [0.7425854 ],
       [0.74883044],
       [0.72855437],
       [0.72729874],
       [0.60909706],
       [0.67202914],
       [0.61279804],
       [0.6237718 ],
       [0.42625234],
       [0.5012326 ],
       [0.65516305],
       [0.62090605],
       [0.5184491 ],
       [0.73749065],
       [0.59928566],
       [0.7031316 ],
       [0.52009267],
       [0.6619179 ],
       [0.622463  ],
       [0.71367127],
       [0.72190475],
       [0.5282894 ],
       [0.68511313],
       [0.44577774],
       [0.6015687 ],
       [0.59543115],
       [0.60085183],
       [0.5199735 ],
       [0.5702074 ],
       [0.61120224],
       [0.75952053],
       [0.14728048],
       [0.5760895 ],
       [0.41566557],
       [0.44737107],
       [0.8331196 ],
       [0.61006707],
       [0.23028326],
       [0.4085843 ],
       [0.54000914],
       [0.67298985],
       [0.64221656],
       [0.60019606],
       [0.48103845],
       [0.27602562],
       [0.3611511 ],
       [0.6283053 ],
       [0.5877409 ],
       [0.41666627],
       [0.43567038],
       [0.46384257],
       [0.5756935 ],
       [0.7358129 ],
       [0.65490437],
       [0.40702268],
       [0.49338365],
       [0.46815464],
       [0.47109312],
       [0.508183  ],
       [0.7045072 ],
       [0.6892707 ],
       [0.59246504],
       [0.3489375 ],
       [0.47246897],
       [0.36120245],
       [0.5349296 ],
       [0.47588423],
       [0.24200603]], dtype=float32)]"
