Model,Best Column,Shape,Accuracy,F1 Score,Precision,Recall,Confusion Matrix,Y Probs,best_model
SVM,"Index(['temp_diff', 'temp_qdev', 'hr_kurtosis', 'hr_qdev', 'gsr_skew',
       'gsr_diff', 'gsr_q75', 'rr_mean', 'rr_skew', 'rr_kurtosis', 'rr_diff',
       'rr_diff2', 'rr_q25', 'rr_q75', 'rr_qdev', 'rr_max-min'],
      dtype='object')",16.0,0.7046632124352331,0.7397260273972602,0.6694214876033058,0.826530612244898,"[[55, 40], [17, 81]]","[0.6811673240265654, 0.22401300194132362, 0.5851521936476864, 0.4325022084795701, 0.664850522696881, 0.5945627579904645, 0.31520535813077705, 0.35509633126560414, 0.35978373844896067, 0.2636431127155563, 0.5165141554415532, 0.2720913731671796, 0.41982742039440396, 0.4377019155238796, 0.4373705516996448, 0.621797958220347, 0.5836865898766991, 0.2751548881630142, 0.35490573199199715, 0.5273600175321378, 0.3433070758707483, 0.1424807208109881, 0.5128375895164248, 0.4619287681696429, 0.5104830661121611, 0.2663784876076743, 0.23433190077877422, 0.04667898992850078, 0.42166402193630975, 0.58676402099775, 0.601249477671718, 0.5554085533305807, 0.384192476223533, 0.2662134394728506, 0.2923705473763834, 0.2025201138374024, 0.3625233240151651, 0.4012008658824645, 0.561626052905675, 0.5690997207891174, 0.5549413815438278, 0.6266903878686186, 0.5494787215198524, 0.5432111372728343, 0.517713262523784, 0.6112652083424668, 0.3645418882143491, 0.3350097902884141, 0.42816998247521587, 0.48234595887247955, 0.6274366547847685, 0.48361412167423634, 0.442220533479946, 0.147139216722035, 0.46765756552827303, 0.4336480760450911, 0.6324163148094409, 0.4118880943677983, 0.4087500834021231, 0.40106620034917406, 0.4769958318419173, 0.6285109851050588, 0.48049402580969175, 0.11220092360499832, 0.41781410482640013, 0.5053168540119102, 0.4700855025636337, 0.5153752200383069, 0.45007334925292486, 0.35021238847030095, 0.3853280891139195, 0.5071576859049809, 0.603838169837104, 0.35291267237162666, 0.5901058293906167, 0.42378543746898206, 0.34716194481346363, 0.6206365507526056, 0.3034835689940186, 0.6113029634662849, 0.6462283562609343, 0.6503625502608954, 0.6555781951193375, 0.5166534391093175, 0.4161639399077824, 0.6367828221082938, 0.20556653917438428, 0.647010377913008, 0.509542771664302, 0.6836159171141618, 0.5098250823336183, 0.42340412234936964, 0.3060519961012944, 0.36259566288265166, 0.5776568593720283, 0.6026582002200463, 0.34169551982845353, 0.4752360610327058, 0.44658799023377443, 0.6373031435456804, 0.5267419675264982, 0.5711223145145227, 0.15453790969846193, 0.28220624518202303, 0.554761099184536, 0.6365280247543998, 0.3078284556197756, 0.4714438598985809, 0.4177138670304547, 0.11239389902542082, 0.4399979853756544, 0.3601656091868189, 0.535029888029008, 0.6301083673375334, 0.4620584455376146, 0.5629549537237291, 0.6131571232425596, 0.6215427548795602, 0.6072020392555485, 0.5994282782778496, 0.6257586160324703, 0.5850389707775829, 0.6272223889181499, 0.49013045194760035, 0.5183570660522218, 0.5966937435158433, 0.6495813042580628, 0.6281437425100269, 0.587788561464411, 0.5, 0.5590831827365293, 0.4934936299324126, 0.4916797328627281, 0.47223270243178705, 0.3751554401473522, 0.44636806413117935, 0.5272576531338907, 0.41580153843826323, 0.5942600965750919, 0.5831801091758514, 0.6282830439667899, 0.4080748488979919, 0.5, 0.5727171395746462, 0.572727054463197, 0.6188848766225568, 0.6553824003554418, 0.567517543924208, 0.41001304034728725, 0.6340510035733465, 0.4500727604097782, 0.511044441448725, 0.511764165814819, 0.5115833038510618, 0.4735100894389495, 0.8139860199140366, 0.08699464182760674, 0.662792595298524, 0.6030100088694189, 0.47905145801469673, 0.7364508699428448, 0.5924478512547906, 0.2951366404620635, 0.5495299625776899, 0.5638690687220043, 0.7143129031544472, 0.6837702863647661, 0.7095775245245977, 0.5488732453560056, 0.2715121096121732, 0.5, 0.5807895492903382, 0.5864826581999749, 0.26171172590179703, 0.31380295991941753, 0.44451630266676795, 0.6257627244738455, 0.6799468969223318, 0.6346834354809513, 0.45923722134517, 0.4431747732040713, 0.398487095759607, 0.37037015205282486, 0.38796403685381947, 0.6575971365347034, 0.699272576372778, 0.5050076979277558, 0.3800090507687476, 0.4753505232600588, 0.5606705572740888, 0.7094188194919352, 0.5, 0.2312805161468302]",
XGB,"Index(['temp_mean', 'temp_std', 'temp_skew', 'hr_mean', 'hr_diff', 'hr_q25',
       'hr_q75', 'hr_qdev', 'hr_max-min', 'gsr_std', 'gsr_skew',
       'gsr_kurtosis', 'gsr_diff', 'gsr_q25', 'gsr_q75', 'gsr_qdev',
       'gsr_max-min', 'rr_mean', 'rr_skew', 'rr_kurtosis', 'rr_diff',
       'rr_diff2', 'rr_q25', 'rr_q75', 'rr_qdev'],
      dtype='object')",25.0,0.6994818652849741,0.71,0.696078431372549,0.7244897959183674,"[[64, 31], [27, 71]]","[0.9930576086044312, 0.31145721673965454, 0.8931251168251038, 0.7137212157249451, 0.9807778000831604, 0.7708263993263245, 0.7991475462913513, 0.8459689021110535, 0.5115075707435608, 0.4248974621295929, 0.868625819683075, 0.6114299297332764, 0.18232616782188416, 0.5942031145095825, 0.2493578940629959, 0.925458550453186, 0.6054078936576843, 0.2974913418292999, 0.5035400986671448, 0.8157065510749817, 0.5872310996055603, 0.19564378261566162, 0.5610766410827637, 0.9572252631187439, 0.9492567181587219, 0.6889845132827759, 0.846484899520874, 0.06396794319152832, 0.8746734261512756, 0.9355681538581848, 0.986732542514801, 0.9880241751670837, 0.3123123049736023, 0.6234230995178223, 0.09907321631908417, 0.33458855748176575, 0.7323043346405029, 0.8632339239120483, 0.7499101161956787, 0.010762233287096024, 0.333574503660202, 0.7523579001426697, 0.7420000433921814, 0.7486897706985474, 0.5729445815086365, 0.9555237293243408, 0.05164286121726036, 0.13689643144607544, 0.1910856068134308, 0.01565450429916382, 0.5911937952041626, 0.3146750032901764, 0.22471366822719574, 0.01598704792559147, 0.31310248374938965, 0.099504753947258, 0.9105335474014282, 0.12308505922555923, 0.09228035807609558, 0.05097286030650139, 0.5287132859230042, 0.350294291973114, 0.4304794371128082, 0.01600477658212185, 0.03986469283699989, 0.3553544282913208, 0.4236634373664856, 0.6966117024421692, 0.1621350646018982, 0.025432974100112915, 0.03262879699468613, 0.06479398906230927, 0.9142417907714844, 0.02614963799715042, 0.8974335789680481, 0.5967888832092285, 0.11485612392425537, 0.970352292060852, 0.045723263174295425, 0.5271950364112854, 0.9471447467803955, 0.7098023891448975, 0.516762912273407, 0.8958548903465271, 0.2613896429538727, 0.9292325973510742, 0.08995547890663147, 0.8944392800331116, 0.2639737129211426, 0.9091978073120117, 0.40021008253097534, 0.07326588034629822, 0.44113263487815857, 0.6580454707145691, 0.5655412077903748, 0.9559999704360962, 0.3139340877532959, 0.2881760597229004, 0.49056142568588257, 0.7999948859214783, 0.49413782358169556, 0.7501958012580872, 0.03214554488658905, 0.1463707685470581, 0.594144880771637, 0.5286641716957092, 0.14339646697044373, 0.17455196380615234, 0.08466675132513046, 0.09047717601060867, 0.13691335916519165, 0.0830051600933075, 0.5014524459838867, 0.9051682949066162, 0.6987708210945129, 0.9632128477096558, 0.9082526564598083, 0.18326659500598907, 0.850869357585907, 0.830804169178009, 0.7776749134063721, 0.6049805283546448, 0.7947477698326111, 0.1816321164369583, 0.29671671986579895, 0.8220885396003723, 0.6909956932067871, 0.8093940019607544, 0.7130732536315918, 0.7938576340675354, 0.5319954752922058, 0.056130919605493546, 0.16928702592849731, 0.2673115134239197, 0.7083503007888794, 0.45905420184135437, 0.7334148287773132, 0.00603198679164052, 0.8520787358283997, 0.3764509856700897, 0.6103219389915466, 0.9025788307189941, 0.41102245450019836, 0.14335162937641144, 0.8934773802757263, 0.5713304877281189, 0.7862498164176941, 0.49451982975006104, 0.04830015450716019, 0.951291561126709, 0.9046971201896667, 0.6539984941482544, 0.4919900894165039, 0.26471060514450073, 0.05250219628214836, 0.9076488614082336, 0.06465332955121994, 0.4138510227203369, 0.10818656533956528, 0.5278879404067993, 0.863193154335022, 0.6824949979782104, 0.2435993254184723, 0.762933075428009, 0.2946639955043793, 0.8500560522079468, 0.9132372140884399, 0.8761439919471741, 0.03592563048005104, 0.18409138917922974, 0.291970431804657, 0.9350748658180237, 0.2441740185022354, 0.38980522751808167, 0.38637933135032654, 0.7601941823959351, 0.8811366558074951, 0.9721106290817261, 0.871548593044281, 0.38405367732048035, 0.14849799871444702, 0.06994993984699249, 0.10163237154483795, 0.2507447898387909, 0.8908812999725342, 0.8622327446937561, 0.246184304356575, 0.41733893752098083, 0.44005143642425537, 0.8027082681655884, 0.7392576336860657, 0.5886853337287903, 0.4286908209323883]",
LR,"Index(['gsr_kurtosis', 'gsr_diff', 'rr_skew', 'rr_q25', 'rr_max-min'], dtype='object')",5.0,0.7150259067357513,0.7317073170731707,0.7009345794392523,0.7653061224489796,"[[63, 32], [23, 75]]","[0.5944965499934632, 0.40097402863901727, 0.5444219871472108, 0.47266225526228095, 0.6757586309069524, 0.6238165041149873, 0.4669808145237242, 0.433652485161029, 0.42619780925830175, 0.2855582325725823, 0.39762200820183585, 0.3355612379518822, 0.4293924287176011, 0.4261962809056572, 0.48852332188205255, 0.6091117457934133, 0.5791633479478656, 0.39790095153074045, 0.5136080956680108, 0.5112322298416602, 0.44162617826134487, 0.3104725460760858, 0.5192290379792528, 0.5506484635296559, 0.5402011513862076, 0.4065575683188749, 0.23743745941714325, 0.20673512506239183, 0.5085945431054414, 0.573504718119831, 0.5749548583475165, 0.5240012315140575, 0.45091057898167236, 0.45191798299217795, 0.3362671057167987, 0.29215791414918607, 0.39322512215530014, 0.4307562448921961, 0.5351499322959965, 0.6584222856669008, 0.5131275523718279, 0.5844571293759172, 0.5399884570080513, 0.572013692463025, 0.5160201617664253, 0.6046940668489222, 0.43150100154407517, 0.4409030649240538, 0.4912166317188277, 0.5061904729245666, 0.6377946586248935, 0.4938275100438159, 0.4184358353146088, 0.18925621757292674, 0.49406924381806966, 0.46487911035418655, 0.6446651579503769, 0.4650009697784497, 0.42860248828228115, 0.46163446919004303, 0.5362583207449932, 0.6085158486206917, 0.5211067319166242, 0.15233355543210803, 0.4030906364234751, 0.40316309181654497, 0.5111411164270185, 0.585102181345901, 0.4896047315126107, 0.3874730586213867, 0.5095335978942029, 0.3964204878026434, 0.562661718357936, 0.41224872713609895, 0.5771787985088431, 0.41150619647813336, 0.32048093327311966, 0.5779024350294291, 0.4375282140348834, 0.5810886197631722, 0.605540461441791, 0.6198439365526883, 0.6258087760941846, 0.5239594255977598, 0.44347101443456144, 0.557532702322082, 0.23186145539594322, 0.5976432329037907, 0.5023250212215125, 0.5413839347798601, 0.5110224307615969, 0.44913492315432335, 0.2576804009141543, 0.2708305631684496, 0.4937245007213554, 0.5671669698738199, 0.43840786413682625, 0.4799914064879808, 0.45439134691816885, 0.6088352350288277, 0.5299528705948716, 0.5448212550834207, 0.25974146520098124, 0.38604776638769595, 0.5508387638362983, 0.5964061954650651, 0.44113278128551275, 0.5443538668034978, 0.4300786045956726, 0.26125394702426064, 0.41740840657163875, 0.44078599818748637, 0.5684056137457209, 0.5859336555103833, 0.5125622136922788, 0.5437623673822115, 0.523383672243934, 0.5308709625213505, 0.4737637269644608, 0.5794626776128103, 0.5133936380407962, 0.5681318330776467, 0.5875058525649112, 0.49829224928326926, 0.5418639924840173, 0.5799013083215893, 0.6128204906699505, 0.5794256752913213, 0.5863474262887468, 0.47994990957938455, 0.5442151485603032, 0.5350832181959323, 0.5138145658824539, 0.491077011180062, 0.3821385941663017, 0.5295862372256608, 0.4873161946240232, 0.4524629994637105, 0.5576754090380888, 0.5613201339753806, 0.6190386180249264, 0.4734890546977956, 0.5224480034609299, 0.5677906785948661, 0.5837611617069598, 0.5888402695565415, 0.2382909871716354, 0.5479100082089746, 0.4139371560953864, 0.527661029240858, 0.5227712070566752, 0.555248973589147, 0.46564088318285324, 0.48316880934709316, 0.49538007026073916, 0.6972870923630671, 0.09021637665756235, 0.6547311338475457, 0.7498571417006323, 0.48051158476125766, 0.7187820693531091, 0.6187219781504001, 0.31892358992923264, 0.5992619011558306, 0.5842628402877427, 0.67129259636869, 0.650523445720982, 0.6323875789210786, 0.5844326933413286, 0.4326594318592088, 0.46880178666534134, 0.6469029143731229, 0.6373715164471582, 0.36720639646976655, 0.46245748909037027, 0.45330565807973683, 0.6397375487219636, 0.6425260135170687, 0.6359169524672023, 0.5438225835025272, 0.5831988434071128, 0.4734259061523, 0.468838917727762, 0.5112092895902497, 0.6911881767230181, 0.6580715023056358, 0.5274730470720362, 0.34525627630020606, 0.4670801295838597, 0.5768795962692649, 0.7085820351557736, 0.5462714022363737, 0.3104083677917824]",
RF,"Index(['temp_diff', 'temp_q75', 'hr_mean', 'hr_diff', 'hr_q75', 'hr_qdev',
       'gsr_diff2', 'gsr_q75', 'rr_std', 'rr_diff2', 'rr_q25', 'rr_max-min'],
      dtype='object')",12.0,0.7305699481865285,0.7263157894736842,0.75,0.7040816326530612,"[[72, 23], [29, 69]]","[0.7289374726867363, 0.1891019683071407, 0.7207560824779098, 0.5561572144771993, 0.7790727614971528, 0.6633553707413969, 0.5038532415454925, 0.48672247883634784, 0.27154091664584645, 0.2850961155064603, 0.6485702139245454, 0.3283886043383697, 0.5047644150915073, 0.4843007591726524, 0.3698500937334271, 0.7406946495967399, 0.681960981859577, 0.3805119733051903, 0.5493405908151758, 0.43439055417354655, 0.5806131894019763, 0.16570643363728468, 0.44247976287707436, 0.5637850029118702, 0.6941545699394454, 0.4422381897294333, 0.264616220471962, 0.3268375419425436, 0.5834082324443555, 0.6707381930199836, 0.7335579452679472, 0.7560568294309004, 0.1616790370849194, 0.38349586866299457, 0.23627089460509937, 0.2629554355246852, 0.6098086866246321, 0.4743249673384187, 0.6615575657871775, 0.3585539878021358, 0.47554805458142557, 0.5634140860206848, 0.6026258486408673, 0.7162957316277179, 0.41326186464900433, 0.7830064355466514, 0.2489738755381669, 0.3911909659737456, 0.3122882270955877, 0.4223545609926735, 0.5767735639998325, 0.43837534541673456, 0.5418416406627588, 0.1316345136345136, 0.4283873100282611, 0.4381045064579962, 0.7224997927211791, 0.16844138068051112, 0.2147953422722538, 0.49385656592511773, 0.5236526639138313, 0.5750679605698071, 0.5784155821293094, 0.23628129061639694, 0.4178722528712282, 0.42922520829137256, 0.34551321383920075, 0.6406647642754602, 0.27879343460818945, 0.22972365503552117, 0.31721050995446726, 0.4314302707678971, 0.45865922970888506, 0.2965602802575941, 0.590596666914938, 0.33425994784475854, 0.1930843730704804, 0.7127125009994631, 0.1502207169276135, 0.782053561353673, 0.8002242434722444, 0.7127306268534659, 0.7236024725795805, 0.517199870456029, 0.1575162454239552, 0.34499066316757054, 0.2453193713659023, 0.7570120819511433, 0.4087095591189162, 0.84972351423511, 0.45676183795397834, 0.22203483414584568, 0.2198983901483901, 0.31662529690873614, 0.5732159314202208, 0.53150584628445, 0.22369584288624045, 0.4988167447036927, 0.3488881559444343, 0.8130448744238798, 0.452851757712938, 0.6599825516634248, 0.21308235930735925, 0.2073944301155008, 0.6909598337210099, 0.7076721330147167, 0.3865522972102945, 0.3035798865805888, 0.27634619559085044, 0.28210364883501865, 0.4816540384256489, 0.17237857565489145, 0.551913679838773, 0.6855435113848064, 0.4222887102645194, 0.8167093603658063, 0.36516065768256595, 0.6498715732167429, 0.6504910594684533, 0.6973228326785305, 0.7605858317423349, 0.6644824025858264, 0.6397012397275207, 0.41143790485424414, 0.48829674039090587, 0.7524920641277525, 0.6756793601098965, 0.7180600952844564, 0.7416972079316596, 0.6172422875656421, 0.6708615681232357, 0.3617135859361111, 0.3549343583686058, 0.2810937107598433, 0.29824627170898327, 0.3442848628517001, 0.3961385081998617, 0.2311794280248724, 0.6785939017284939, 0.6423758360049322, 0.6628699060970535, 0.45043590254062554, 0.3931112100189284, 0.6594471880285864, 0.7692088761994184, 0.6457724132394046, 0.7592635322494323, 0.5609014028294081, 0.41053790522326855, 0.47050062687421285, 0.2917880062827537, 0.4596569958489467, 0.44094872220839115, 0.40366516169715094, 0.40534354749225826, 0.6110582584633986, 0.37571219202253686, 0.6625942657108924, 0.4427278799237453, 0.4699969880458324, 0.532869974988173, 0.6794074985996112, 0.4130453587223381, 0.6689998929578573, 0.6010315692395513, 0.6206581689989444, 0.6156019424132694, 0.674852644294414, 0.42315962078295105, 0.37879502078609223, 0.5952579322825988, 0.5855609529763913, 0.6273803503549946, 0.5468826012638474, 0.38610101286300136, 0.4847344380797597, 0.5707392813394014, 0.6782249880007386, 0.6938122781814985, 0.527390585382836, 0.447731545278776, 0.45672688880722745, 0.39053568886603973, 0.48969351882111134, 0.6184518820001005, 0.7028084095342372, 0.47470911715752995, 0.662586004372785, 0.5539242963155518, 0.5935092592590111, 0.6684958819942236, 0.4621570469615067, 0.3370597676601632]",
MLP_Sklearn,"Index(['gsr_skew', 'gsr_q75', 'rr_std', 'rr_kurtosis', 'rr_max-min', 'HRV_HTI',
       'HRV_LnHF', 'HRV_PIP', 'HRV_PAS', 'HRV_GI', 'HRV_SI', 'HRV_AI',
       'HRV_PI', 'HRV_C1d', 'HRV_C1a', 'HRV_C2d', 'HRV_Cd', 'HRV_ApEn',
       'min_SCR_Onsets', 'max_SCR_Onsets', 'mean_SCR_Onsets', 'mean_SCR_Peaks',
       'min_SCR_Amplitude', 'max_SCR_RiseTime', 'max_SCR_Recovery'],
      dtype='object')",25.0,0.694300518134715,0.7064676616915423,0.6893203883495146,0.7244897959183674,"[[63, 32], [27, 71]]","[0.5415002724179102, 0.48130094125885, 0.5150627962772458, 0.45670785448851126, 0.569311727856547, 0.5262823175542803, 0.4814881166150386, 0.45726596951663695, 0.4162778315168727, 0.4172633243996182, 0.4613941886915476, 0.4249852775240866, 0.4734868138204736, 0.4892380330835426, 0.4876975062363895, 0.5131007632509053, 0.5218760606765465, 0.4705960375247189, 0.44737398422155206, 0.47835199757496594, 0.4358165653257762, 0.40480785656874885, 0.4767962543988059, 0.5041046517116057, 0.46694008238246587, 0.44957075832002635, 0.4014071546787745, 0.348057526813414, 0.4774411659017914, 0.5180630587553657, 0.5081643331505092, 0.4790996149486308, 0.503954190175318, 0.46240764686699615, 0.42907121240089413, 0.39117023244615196, 0.4421617539083425, 0.4852245332182918, 0.4962694031496067, 0.5015533148897009, 0.5008109097854734, 0.5215075373445194, 0.5172113176355868, 0.5143102190739954, 0.5316015684796354, 0.5320944319730198, 0.47717576571313863, 0.4503390924844868, 0.5125550576424699, 0.5099444015674319, 0.5133597594514452, 0.5059062713093356, 0.46394544936952276, 0.4131488653281801, 0.49832289934609275, 0.47555708983923706, 0.5328676331293115, 0.4699463708369312, 0.4713197238825169, 0.47016251012510796, 0.4759215292478131, 0.5327254711494437, 0.5140142386342132, 0.39433330558070995, 0.4593787145474303, 0.4241548065600857, 0.5129823708984563, 0.5318951889064073, 0.42017666540491044, 0.44079817940800525, 0.48005498133919805, 0.4590959127524957, 0.5363422064644782, 0.49421891195163625, 0.5360468881018474, 0.4564190347109067, 0.46023100365070674, 0.5352666107985157, 0.4816415692745032, 0.5657394029302683, 0.5855887262954702, 0.5896884955204013, 0.5671392722466556, 0.5530332008133931, 0.46462544399618516, 0.5211492731600217, 0.3911169511247328, 0.5785625336850406, 0.5168898642907988, 0.5614599763843705, 0.5272390092085711, 0.4952150983117162, 0.45777306062945744, 0.4173839327913765, 0.4825022230573664, 0.5320391275194628, 0.4838814790037633, 0.5296017768960305, 0.49066030762890067, 0.5752446656365588, 0.547502619105191, 0.5455310107408133, 0.4575114223553555, 0.47926665706465765, 0.5503041943528079, 0.5619731917362748, 0.5093295803668237, 0.531676195635216, 0.5246643913658144, 0.40610678091105284, 0.4564989815397548, 0.47605071535464655, 0.4966015149121322, 0.5473814307852741, 0.5490915256062111, 0.5794840129137768, 0.5031476133537781, 0.5510556769740801, 0.5738713268802911, 0.5745199161164234, 0.5581864394960411, 0.5456043845235017, 0.5591220902999726, 0.5109580027320763, 0.5378531094160831, 0.5447193250006267, 0.5464116652962907, 0.5567475691518486, 0.5459550400600872, 0.54837101231335, 0.5491093132568241, 0.49766242031382485, 0.5248901251577361, 0.510870690724813, 0.45077121418521193, 0.5511019699327795, 0.4882661672131054, 0.5255201715493035, 0.5911392511150626, 0.5709534456580088, 0.5809134395344557, 0.518064494958941, 0.5232820167566373, 0.5515162149757438, 0.5696445425336158, 0.5622717466444872, 0.5315062816908578, 0.542011901467434, 0.4898653653348179, 0.5363440732159781, 0.5050222730572284, 0.5240880429820045, 0.5486617768018921, 0.49841402115902084, 0.5199031052159512, 0.5399737923683849, 0.3909925653747367, 0.5252973595324569, 0.4894108689791719, 0.49287716155403716, 0.49469988950239746, 0.496118731855499, 0.3983547708389103, 0.4939035451082116, 0.4889285106598186, 0.5465126143265246, 0.5275148733508953, 0.5000166211082296, 0.5400179493756033, 0.46296589465750854, 0.4741618114019611, 0.5188073073006467, 0.505233559307137, 0.46088819148939836, 0.4591066714981178, 0.4347256685842857, 0.519719475668461, 0.534552385193333, 0.5174140092538354, 0.43797431302432627, 0.5323928083657821, 0.48174248436989325, 0.4671791798708043, 0.4862013283168711, 0.5500324511853256, 0.5893195615539999, 0.4641271218412921, 0.5001196222601, 0.49732957952759804, 0.5039415953548815, 0.5558753026360898, 0.47608312990215135, 0.4768860312623669]",
MLP_Keras,"Index(['temp_kurtosis', 'gsr_kurtosis', 'gsr_max-min', 'rr_mean',
       'rr_kurtosis', 'HRV_CVSD', 'HRV_MCVNN', 'HRV_TINN', 'HRV_PI',
       'HRV_ApEn', 'mean_SCR_Recovery'],
      dtype='object')",11.0,0.5751295336787565,0.5444444444444444,0.5975609756097561,0.5,"[[62, 33], [49, 49]]","[0.7745715379714966, 0.21868036687374115, 0.36830800771713257, 0.32917284965515137, 0.633143424987793, 0.7997454404830933, 0.3027299642562866, 0.3322050869464874, 0.49076563119888306, 0.20086222887039185, 0.316673219203949, 0.24437732994556427, 0.2810262441635132, 0.5938750505447388, 0.2977193295955658, 0.4699024558067322, 0.5180822610855103, 0.2326279580593109, 0.37611886858940125, 0.45383185148239136, 0.2745767831802368, 0.26180121302604675, 0.6143965721130371, 0.7359122633934021, 0.3524068593978882, 0.5152909755706787, 0.2014000564813614, 0.17931926250457764, 0.583579421043396, 0.4805632531642914, 0.46603333950042725, 0.45144447684288025, 0.7390717267990112, 0.5114010572433472, 0.45852774381637573, 0.2311365306377411, 0.19412952661514282, 0.4222041666507721, 0.4271823465824127, 0.24620233476161957, 0.6467347741127014, 0.827299177646637, 0.4394264221191406, 0.45451265573501587, 0.6794454455375671, 0.5971996188163757, 0.23035567998886108, 0.4721275269985199, 0.33524784445762634, 0.18133075535297394, 0.41413170099258423, 0.46697190403938293, 0.21477065980434418, 0.09269016981124878, 0.25638431310653687, 0.28563642501831055, 0.6998397707939148, 0.19257749617099762, 0.3121429979801178, 0.4977790117263794, 0.42710426449775696, 0.5394542217254639, 0.43546560406684875, 0.10828691720962524, 0.2932266294956207, 0.1250917613506317, 0.6578410267829895, 0.659434974193573, 0.3655778765678406, 0.2055596262216568, 0.308205783367157, 0.2089923918247223, 0.6183117032051086, 0.47185826301574707, 0.6789650321006775, 0.4419102966785431, 0.19556556642055511, 0.70697420835495, 0.6994328498840332, 0.7761463522911072, 0.8143822550773621, 0.8371793627738953, 0.8687399625778198, 0.7950900793075562, 0.45950403809547424, 0.8232439756393433, 0.2255217581987381, 0.8411266207695007, 0.6980955004692078, 0.7759387493133545, 0.3853414058685303, 0.48694103956222534, 0.22240228950977325, 0.20362715423107147, 0.32493576407432556, 0.5132799744606018, 0.31526342034339905, 0.5015977025032043, 0.41924968361854553, 0.7887680530548096, 0.7414821982383728, 0.6750224828720093, 0.1745254248380661, 0.2346716672182083, 0.7353274822235107, 0.6953567266464233, 0.33146893978118896, 0.420497328042984, 0.36951562762260437, 0.1743408739566803, 0.24392887949943542, 0.5035192966461182, 0.5119300484657288, 0.7327674031257629, 0.7547892332077026, 0.7275364398956299, 0.7420474886894226, 0.8250906467437744, 0.8048279285430908, 0.8356677889823914, 0.6941736340522766, 0.8571034073829651, 0.8155683875083923, 0.6536323428153992, 0.7286017537117004, 0.8674799799919128, 0.9181104302406311, 0.8003423810005188, 0.7835453748703003, 0.6498722434043884, 0.7971072196960449, 0.7554171085357666, 0.33063092827796936, 0.4342111349105835, 0.26186835765838623, 0.5642337203025818, 0.6479827761650085, 0.40305036306381226, 0.8371964693069458, 0.7570264339447021, 0.5504902601242065, 0.678588330745697, 0.6243228912353516, 0.6291337609291077, 0.7688266634941101, 0.8339638113975525, 0.23429210484027863, 0.7980246543884277, 0.5402724146842957, 0.736214816570282, 0.5088727474212646, 0.5538420081138611, 0.43304193019866943, 0.679336667060852, 0.6229450702667236, 0.48830360174179077, 0.02295931987464428, 0.43869906663894653, 0.10613494366407394, 0.3923417925834656, 0.7272060513496399, 0.4611758291721344, 0.15448451042175293, 0.27923232316970825, 0.3362382650375366, 0.4992786645889282, 0.4487318694591522, 0.49756038188934326, 0.6525530815124512, 0.2669111490249634, 0.37516191601753235, 0.45029789209365845, 0.26530301570892334, 0.15347640216350555, 0.3107943832874298, 0.22503916919231415, 0.5195693969726562, 0.4449942708015442, 0.4367206394672394, 0.40365660190582275, 0.28807011246681213, 0.25952383875846863, 0.17505063116550446, 0.2606002986431122, 0.4219169318675995, 0.7727495431900024, 0.42465075850486755, 0.09817881882190704, 0.2600845694541931, 0.34310609102249146, 0.3897852599620819, 0.5913712382316589, 0.12242186814546585]",
E7GB,"Index(['temp_std', 'temp_diff', 'temp_q25', 'temp_q75', 'temp_qdev',
       'temp_max-min', 'hr_mean', 'hr_std', 'hr_kurtosis', 'hr_diff', 'hr_q25',
       'hr_q75', 'hr_qdev', 'hr_max-min', 'gsr_mean', 'gsr_kurtosis',
       'gsr_diff', 'gsr_diff2', 'gsr_q75', 'gsr_max-min', 'rr_mean', 'rr_std',
       'rr_skew', 'rr_kurtosis', 'rr_diff', 'rr_diff2', 'rr_max-min'],
      dtype='object')",27.0,0.7150259067357513,0.6583850931677018,0.8412698412698413,0.5408163265306123,"[[85, 10], [45, 53]]","[0.6221863449638683, 0.3381982170954417, 0.5356675212048985, 0.4057780951480407, 0.6184684568604585, 0.5826743708214246, 0.4544405189553931, 0.4524357431839518, 0.3610809783743886, 0.4445596559931226, 0.45816107282274915, 0.40079273532304827, 0.3097225172289896, 0.33209329561848844, 0.2860117047848777, 0.5944626772095885, 0.5558914316432155, 0.2776779486028723, 0.3809666974587227, 0.48814272949142784, 0.4269016442402677, 0.29772995434998667, 0.5223746539472347, 0.40516764723069915, 0.5275880682023231, 0.42894582398932307, 0.3544988710872519, 0.35818049254759343, 0.5090273025766134, 0.5264654170835654, 0.5993442895753491, 0.6269366330660229, 0.3470898029750801, 0.40302267807532993, 0.39356942568272096, 0.39763839699606873, 0.436960804617086, 0.426746025956962, 0.5529028900032935, 0.2785799730165498, 0.4017571567547374, 0.4735634382948172, 0.44145981536520573, 0.5463870922449285, 0.32355485978283105, 0.6497505137476507, 0.32337083901711083, 0.27965530593468624, 0.2989244761324841, 0.3513061554662905, 0.4418807965086682, 0.3922721162408388, 0.34118705314634434, 0.2571857118175652, 0.2722691296966725, 0.3670124735455315, 0.513399459082339, 0.28582687874354273, 0.3346556383904605, 0.3220045139380442, 0.36983796759871534, 0.3850704159726367, 0.5357984905133323, 0.23918247255686118, 0.326550817430749, 0.31742762837386573, 0.3210068925361314, 0.5817836150436468, 0.2883742781449004, 0.25344773229645784, 0.2981432749057537, 0.3174796558084253, 0.38422247551125344, 0.2992447217741175, 0.5658144104368306, 0.3162534211013909, 0.26894988687117416, 0.5456232507910224, 0.3001445921450583, 0.5749838178873379, 0.5691382271533505, 0.5540846675051463, 0.5465840081799904, 0.37498662955031103, 0.4152166119845482, 0.4914817913832561, 0.40076476667754957, 0.5175836119388988, 0.4559144362238779, 0.5606485862039832, 0.46392465495931157, 0.2624846399605317, 0.37503213021552584, 0.41938007113039083, 0.5315892452535385, 0.6012059600819573, 0.3635532354398163, 0.4823694288251247, 0.43662584115799363, 0.5447703902241104, 0.47833542137939383, 0.5716035919939325, 0.335740127156807, 0.3373586263571368, 0.5554590959755139, 0.5180595419430871, 0.3244974685022688, 0.415906876089413, 0.40911664502385836, 0.3021384645699573, 0.4636276445558234, 0.33683114518480173, 0.5492269833320296, 0.6211243359770571, 0.4390612524101072, 0.5404833502444208, 0.40318461495273505, 0.49051101335703184, 0.5573834605921301, 0.5864831507062207, 0.5461889895942559, 0.55538567747261, 0.539299636535171, 0.42316981988709046, 0.4860557900968249, 0.5641471285103818, 0.5149610662625089, 0.5848938352571157, 0.5397224378449692, 0.5603745743022673, 0.5310011830923163, 0.4303640437334131, 0.5115658931035189, 0.29607689516554525, 0.48207372759993805, 0.463703570535369, 0.4361063758518334, 0.27985762367455647, 0.489906136235025, 0.5383104643591097, 0.5364815950780717, 0.391187765977713, 0.3802801331428335, 0.46919244434897905, 0.5929722887137544, 0.5603949094181914, 0.5227951555274412, 0.4813309869301441, 0.3127685619677303, 0.4564642846696182, 0.36364099469860584, 0.5356261270007652, 0.47060551253525523, 0.38666563793333814, 0.36803194986681814, 0.5644440896763772, 0.3832039127105836, 0.4578900631938149, 0.4159164069969252, 0.44602043331198793, 0.48608006351610455, 0.532622419672259, 0.4139811191644793, 0.47564441107585864, 0.3996540440122698, 0.5549890977843052, 0.5213995275385757, 0.5618419566589173, 0.3961995781719573, 0.31961409220998044, 0.36831917714192686, 0.5573727990024915, 0.43638485563116425, 0.39562732569557924, 0.38657773636244375, 0.40560540041441606, 0.41184520333650854, 0.5683666205779314, 0.5696132235274873, 0.3817664511157198, 0.3609021975884514, 0.3778828318226102, 0.3494157966702355, 0.3653595223962426, 0.6092998827450289, 0.46174030339889116, 0.41609023501154396, 0.4199433597920446, 0.37161475978812875, 0.40105264832551635, 0.505602367063855, 0.3875590524907169, 0.3440977350928958]",
WGLR,"Index(['temp_std', 'temp_skew', 'temp_diff', 'temp_q25', 'temp_q75',
       'temp_qdev', 'hr_q75', 'hr_max-min', 'gsr_skew', 'gsr_kurtosis',
       'gsr_q25', 'gsr_qdev', 'rr_q25', 'rr_q75'],
      dtype='object')",14.0,0.7409326424870466,0.75,0.7352941176470589,0.7653061224489796,"[[68, 27], [23, 75]]","[0.740707728146447, 0.20958126239791794, 0.6565980768016716, 0.5086100967363243, 0.7939834501028781, 0.7070543184131781, 0.4300285074674153, 0.3560098565177335, 0.45123327558317017, 0.3476583802754538, 0.647681832584471, 0.5206284168678936, 0.41002366182282857, 0.47625919386453286, 0.516661990670058, 0.6890511451929403, 0.5751238281898285, 0.34168809184758936, 0.5182056351148372, 0.5333596566597599, 0.4046623436096123, 0.18814604570196813, 0.582704446106141, 0.5201937611099536, 0.6632321024911874, 0.41592882287864863, 0.48122476140612885, -0.38995576167950086, 0.5223396382113976, 0.6004388045161626, 0.6445893481526704, 0.5889691466152751, 0.4268733434918348, 0.3637815608403572, 0.6593523367973454, 0.4051170496750054, 0.5734355757468761, 0.391056796961332, 0.6579300760741, -0.17455141185965156, 0.544853143071345, 0.654858185098587, 0.6172889684994631, 0.6564218387281752, 0.5532886554981837, 0.6077525168567256, 0.45778940090398496, 0.37638101036915717, 0.4444953833958274, 0.2698992436974691, 0.2970214773922619, 0.4331988625055786, 0.37749598497396053, 0.16665074129075436, 0.31408835597186036, 0.44425939266393094, 0.5857589416592341, 0.4284920669415562, 0.4044178788536715, 0.4547469894002392, 0.35772522363444387, 0.6079558760940673, 0.5521581882910993, 0.05978650536215585, 0.4886810676867941, 0.41851569521407106, 0.5377197538391463, 0.5517245514392904, 0.40213236526126167, 0.35106977729556205, 0.40622488640245746, 0.44612926211568954, 0.6170392652795315, 0.4021202968046117, 0.6299179254016005, 0.4590727944128141, 0.2985514558057123, 0.6220042671305223, 0.3709838804746737, 0.5562547198717146, 0.580867552813883, 0.6390554391731749, 0.6522837951403325, 0.5537241201834662, 0.3923777981057087, 0.5338204700271587, 0.21360074155644143, 0.6118830440225567, 0.5408421655149223, 0.6665414197303817, 0.5335078999560601, 0.4773511637933846, 0.309769287661799, 0.6811061004854121, 0.5394608819938531, 0.5924606737185889, 0.25692649738602114, 0.47642906164025234, 0.48088470526108384, 0.6768119736398742, 0.4109574911678015, 0.5238941048746075, 0.18426779472393806, 0.29623990769611236, 0.51294099148517, 0.6972909955928035, 0.3422047271489729, 0.49885009544688547, 0.3476130480553372, -0.25310779339630474, 0.4940282714194157, 0.4674735559648454, 0.5675449263249135, 0.7385895300406589, 0.4759740206481831, 0.5063760215657422, 0.535154135294823, 0.7549481265886571, 0.701620054930565, 0.734682602984133, 0.6080668558899823, 0.6993181362422018, 0.703050698238458, 0.4615513097137232, 0.6172493008013482, 0.6530758487231689, 0.7284131381322456, 0.7460286245558679, 0.6498886437079561, 0.40794816162071246, 0.6650851878764418, 0.5776044804632277, 0.5582040158723441, 0.482297381984142, 0.5239978361497171, 0.40968836546617476, 0.4853856200428589, 0.5245720521168167, 0.627883531850148, 0.5815114345243437, 0.6025769556034191, 0.4318780067389409, 0.489569031617448, 0.5272244035048248, 0.5897037027482771, 0.6187515161976118, 0.010445039757769725, 0.6029355427420571, 0.4962819786514209, 0.7495408773993291, 0.5443728393251364, 0.6259643038097589, 0.37298285504274725, 0.5864739395460825, 0.48269471065707126, 1.1282231653625145, -0.6107887528288315, 0.3227116712008047, -0.39338547480219166, 0.6885340471588389, 0.925606331621552, 0.7980496902943618, 0.4147763743879892, 0.6370296049909723, 0.6004731214621727, 0.8117311588172255, 0.8333865612275327, 0.9914522201151673, 0.6483529265290694, 0.4557279524036748, 0.7066424869162923, 0.7360201717885184, 0.6611425570175943, 0.21562031089975164, 0.36388284721044983, 0.49873851752054843, 0.7470873027221415, 0.6682870009062228, 0.8336132276251627, 0.5730575663349917, 0.3518912488107292, 0.4492548621691316, 0.3777774510161176, 0.4318236417414866, 0.6550915360832279, 0.7252328723485972, 0.4699678391199199, -0.17025487209084367, 0.46005241447554424, 0.4787554292891239, 0.5506786694142571, 0.6622005234590795, -0.12696227100680912]",
ESVM,"Index(['temp_skew', 'temp_diff', 'temp_max-min', 'hr_std', 'hr_skew',
       'hr_kurtosis', 'hr_diff2', 'hr_q25', 'gsr_kurtosis', 'gsr_diff',
       'gsr_qdev', 'rr_std', 'rr_skew', 'rr_kurtosis', 'rr_diff', 'rr_diff2',
       'rr_q25', 'rr_q75', 'rr_max-min'],
      dtype='object')",19.0,0.7409326424870466,0.7524752475247524,0.7307692307692307,0.7755102040816326,"[[67, 28], [22, 76]]","[0.5051377930257852, 0.49305308449090884, 0.5061035075874001, 0.5022056827741472, 0.5057614005102432, 0.5037025646612164, 0.49729607936448417, 0.4986810719821022, 0.496595365917264, 0.4941028021038987, 0.4991374745070036, 0.49452505937140095, 0.5001546039652058, 0.49841395941530275, 0.5013550672668164, 0.503836911864186, 0.5016228757968876, 0.49665462334181665, 0.49956287358367113, 0.5029862369431507, 0.4960826266529747, 0.491109499715889, 0.5015774526250686, 0.5026371705230653, 0.5018886222155469, 0.4953554934564477, 0.49206964588505697, 0.4871424614709684, 0.49785878411273515, 0.5012084343976965, 0.5049596088717431, 0.5028583486776289, 0.4985341665767963, 0.4967117776335822, 0.4965453387236521, 0.49273420907700105, 0.4944181333917446, 0.4995143126617365, 0.49968953560514745, 0.4957912532394613, 0.5006120560846508, 0.5035812623793591, 0.5017822661818016, 0.5052677158295307, 0.4998037964489094, 0.5046915533515833, 0.49562933861155006, 0.4970710040939432, 0.4981059068319996, 0.5004668520955435, 0.5031735179078402, 0.5008846546528695, 0.49850396322829765, 0.4841110007499343, 0.49753372666244405, 0.49917204271556026, 0.5047993400696756, 0.4975453314485178, 0.4985973055328945, 0.4977359045581735, 0.5003674484125401, 0.506550085913639, 0.503546240661108, 0.48978847698124145, 0.49793959745283056, 0.4989016041562656, 0.5013787612988923, 0.5026970118781142, 0.49802450091805683, 0.49643294516456526, 0.4994400885553619, 0.4984845929750786, 0.5057510007873013, 0.4977900027282756, 0.5034152800406355, 0.49964815422549586, 0.49378700383990576, 0.5035787499737804, 0.49736483059992215, 0.5030364353132524, 0.5042971011838254, 0.5054721394644537, 0.5044586489965929, 0.5000317726063626, 0.4999784629980347, 0.5054678644513831, 0.48981522211971434, 0.5066844533772306, 0.5011883877518365, 0.5037016757890821, 0.5027628361425468, 0.4999075218856328, 0.497364471497883, 0.4973498359240017, 0.5014029796882952, 0.5041365881197819, 0.49578083267911155, 0.5000468578175318, 0.5015113741906932, 0.5049587020078121, 0.5007878937431471, 0.5032907427458573, 0.4880529360550127, 0.4948739794361787, 0.5025854761454701, 0.5055820409051418, 0.5004138871246873, 0.5008085497476112, 0.4961885141052592, 0.49255973864319974, 0.4974756438820065, 0.4970281416757109, 0.5034346165826775, 0.5040789662168802, 0.4993996309632982, 0.5024021938363825, 0.5066307806064435, 0.5036385661752859, 0.5026533422862949, 0.5043459446518538, 0.5004223731729435, 0.5047103307279143, 0.5040464531539122, 0.4992436602452955, 0.5009976790945422, 0.5031936757205848, 0.5051297806247762, 0.5044868246233295, 0.503718538305762, 0.49928407451895396, 0.501695820977139, 0.4996075081149361, 0.5028270150941584, 0.497940512832277, 0.49687187299691116, 0.49725622403693426, 0.49983182999215003, 0.4999554958448515, 0.5022453301429618, 0.5005844720481358, 0.502339652466567, 0.49853219920988845, 0.49954506139659954, 0.4999520073159444, 0.5032173037991854, 0.5044985999856002, 0.49139333642540384, 0.5023343828674072, 0.4981366167779659, 0.5034077142913825, 0.5001508105545691, 0.5019229033946914, 0.4980627960290322, 0.5042893013787252, 0.49899312537948065, 0.5073108136015998, 0.488848129530013, 0.5024172627782469, 0.4979766852479455, 0.5012590101291481, 0.508444138723267, 0.5050255838947671, 0.49614456907324433, 0.5069770745020152, 0.5025252956925915, 0.5062576038688857, 0.5052219963572216, 0.5067564057262791, 0.5039294847540813, 0.4966944156255475, 0.49918447453578363, 0.5048979124843123, 0.5007298402633477, 0.49400117385965636, 0.4967622840543872, 0.49902076525335937, 0.503100738538526, 0.5052457297080021, 0.5048345174370619, 0.5010763017954174, 0.49827058711034805, 0.4973231944947279, 0.4976284079966134, 0.4969795904277756, 0.5044262158819802, 0.5049641905248348, 0.5002590249051685, 0.49251592504543146, 0.49821665925121605, 0.5003941985542892, 0.5075474279926958, 0.5012039063372559, 0.49081473547070426]",
CNN,,,0.5906735751295337 +- 0.016072380279844874,0.639269406392694,[0.5785123966942148],[0.7142857142857143],"[[[44, 51], [28, 70]]]","[array([[0.635691  ],
       [0.53903025],
       [0.48039964],
       [0.31400084],
       [0.6115047 ],
       [0.5804941 ],
       [0.515156  ],
       [0.5366932 ],
       [0.693499  ],
       [0.4607785 ],
       [0.47377804],
       [0.44034505],
       [0.5520383 ],
       [0.4829088 ],
       [0.39062497],
       [0.6001436 ],
       [0.50555587],
       [0.4778046 ],
       [0.5694507 ],
       [0.60515445],
       [0.5312624 ],
       [0.5107341 ],
       [0.6072948 ],
       [0.5805913 ],
       [0.60620487],
       [0.47311944],
       [0.48275796],
       [0.3910261 ],
       [0.52091986],
       [0.5688289 ],
       [0.64398843],
       [0.5249808 ],
       [0.62027645],
       [0.5380189 ],
       [0.47443315],
       [0.30268463],
       [0.807304  ],
       [0.5716194 ],
       [0.5361135 ],
       [0.3870311 ],
       [0.5654507 ],
       [0.5872867 ],
       [0.59009767],
       [0.5017779 ],
       [0.5981345 ],
       [0.5939463 ],
       [0.54659504],
       [0.6456143 ],
       [0.5878337 ],
       [0.44805017],
       [0.5790312 ],
       [0.5016343 ],
       [0.5390003 ],
       [0.24437329],
       [0.516898  ],
       [0.53347594],
       [0.60314876],
       [0.62987363],
       [0.60469306],
       [0.5543656 ],
       [0.5544723 ],
       [0.62207264],
       [0.48211485],
       [0.2228977 ],
       [0.4335833 ],
       [0.40760082],
       [0.613983  ],
       [0.58889914],
       [0.5423384 ],
       [0.53599244],
       [0.5648417 ],
       [0.4426987 ],
       [0.7566229 ],
       [0.549587  ],
       [0.6668064 ],
       [0.5620569 ],
       [0.4276644 ],
       [0.6396034 ],
       [0.58747494],
       [0.6152833 ],
       [0.603221  ],
       [0.6325201 ],
       [0.662231  ],
       [0.64975166],
       [0.89865285],
       [0.8003569 ],
       [0.34384775],
       [0.5509446 ],
       [0.54104346],
       [0.45548174],
       [0.47393903],
       [0.6115468 ],
       [0.38542324],
       [0.47278515],
       [0.502682  ],
       [0.6407461 ],
       [0.47829786],
       [0.52549785],
       [0.7274175 ],
       [0.6388073 ],
       [0.5489841 ],
       [0.55373174],
       [0.4289327 ],
       [0.49224588],
       [0.5594932 ],
       [0.63014495],
       [0.30859983],
       [0.59223545],
       [0.3711613 ],
       [0.47881666],
       [0.4418365 ],
       [0.5893861 ],
       [0.61635274],
       [0.6362962 ],
       [0.5677552 ],
       [0.49682042],
       [0.4357359 ],
       [0.51303715],
       [0.31030327],
       [0.5394479 ],
       [0.36378303],
       [0.5201209 ],
       [0.52960676],
       [0.45808548],
       [0.5450981 ],
       [0.5467139 ],
       [0.5308591 ],
       [0.5334844 ],
       [0.53180283],
       [0.3539876 ],
       [0.50337684],
       [0.4704612 ],
       [0.47429574],
       [0.2731899 ],
       [0.5259695 ],
       [0.499218  ],
       [0.31888545],
       [0.47214586],
       [0.537424  ],
       [0.23039381],
       [0.47344917],
       [0.52000076],
       [0.54352057],
       [0.51566863],
       [0.564798  ],
       [0.5470681 ],
       [0.07870045],
       [0.5309085 ],
       [0.28902382],
       [0.4198357 ],
       [0.556849  ],
       [0.5613404 ],
       [0.3115299 ],
       [0.37531576],
       [0.5241219 ],
       [0.57620674],
       [0.47687477],
       [0.47122818],
       [0.51812524],
       [0.2180382 ],
       [0.39782137],
       [0.5639285 ],
       [0.24122518],
       [0.509109  ],
       [0.51518655],
       [0.50917673],
       [0.5616618 ],
       [0.30199522],
       [0.45768017],
       [0.43402013],
       [0.29771376],
       [0.5510216 ],
       [0.4747587 ],
       [0.5382648 ],
       [0.53525996],
       [0.4605298 ],
       [0.5524618 ],
       [0.45779878],
       [0.51648355],
       [0.52354556],
       [0.48510042],
       [0.4938969 ],
       [0.49357992],
       [0.52524114],
       [0.5407868 ],
       [0.5780161 ],
       [0.53788704],
       [0.48130095],
       [0.5189673 ],
       [0.36051244],
       [0.50792927],
       [0.33517978],
       [0.45751566]], dtype=float32)]",Just one param in this model
RNN,,,0.6269430051813472 +- 0.04286352397589053,0.6210526315789474,[0.6413043478260869],[0.6020408163265306],"[[[62, 33], [39, 59]]]","[array([[0.5853149 ],
       [0.43581933],
       [0.42280322],
       [0.2835525 ],
       [0.5834123 ],
       [0.55505174],
       [0.3783525 ],
       [0.3757296 ],
       [0.62488586],
       [0.358632  ],
       [0.4246976 ],
       [0.33100265],
       [0.4563732 ],
       [0.37013307],
       [0.28918496],
       [0.5756966 ],
       [0.4909497 ],
       [0.3461036 ],
       [0.4502647 ],
       [0.534557  ],
       [0.43234703],
       [0.32438123],
       [0.53228676],
       [0.4571037 ],
       [0.5352266 ],
       [0.34213188],
       [0.27846542],
       [0.26432884],
       [0.4368148 ],
       [0.5123922 ],
       [0.57913995],
       [0.45520434],
       [0.43230626],
       [0.37976095],
       [0.35125118],
       [0.26437598],
       [0.56347495],
       [0.40404138],
       [0.5090814 ],
       [0.37514946],
       [0.5180448 ],
       [0.57171625],
       [0.5641329 ],
       [0.39547402],
       [0.5062525 ],
       [0.5740034 ],
       [0.46977916],
       [0.5031477 ],
       [0.49972284],
       [0.34212205],
       [0.51074564],
       [0.51706976],
       [0.41496998],
       [0.19145128],
       [0.4014652 ],
       [0.4286609 ],
       [0.5674826 ],
       [0.500314  ],
       [0.47355685],
       [0.41583526],
       [0.46961606],
       [0.44658768],
       [0.4180484 ],
       [0.12915719],
       [0.405565  ],
       [0.42119628],
       [0.4417902 ],
       [0.5425256 ],
       [0.47378114],
       [0.39834   ],
       [0.45257983],
       [0.4553911 ],
       [0.7012641 ],
       [0.37743622],
       [0.59764874],
       [0.4369078 ],
       [0.3666316 ],
       [0.5840545 ],
       [0.40466127],
       [0.5936149 ],
       [0.58980465],
       [0.60908633],
       [0.6170419 ],
       [0.543801  ],
       [0.8520768 ],
       [0.7912299 ],
       [0.29899395],
       [0.5564288 ],
       [0.5597839 ],
       [0.5716624 ],
       [0.44637898],
       [0.46753693],
       [0.2927498 ],
       [0.3369504 ],
       [0.4286128 ],
       [0.57458556],
       [0.4778122 ],
       [0.5016626 ],
       [0.6860495 ],
       [0.600664  ],
       [0.49946737],
       [0.53360033],
       [0.34627387],
       [0.4634022 ],
       [0.54007256],
       [0.59210414],
       [0.27406734],
       [0.5282405 ],
       [0.40566579],
       [0.41395608],
       [0.3532571 ],
       [0.4852486 ],
       [0.5765915 ],
       [0.6013996 ],
       [0.5420253 ],
       [0.50626063],
       [0.7025279 ],
       [0.62769943],
       [0.50311065],
       [0.6351002 ],
       [0.6131099 ],
       [0.6032618 ],
       [0.6476614 ],
       [0.51716465],
       [0.6066191 ],
       [0.6487731 ],
       [0.6606223 ],
       [0.6344365 ],
       [0.63080186],
       [0.4850033 ],
       [0.6000008 ],
       [0.57886773],
       [0.49573785],
       [0.38120124],
       [0.48585716],
       [0.54536325],
       [0.48629102],
       [0.47981307],
       [0.6433092 ],
       [0.5546455 ],
       [0.5957363 ],
       [0.4645666 ],
       [0.5702245 ],
       [0.5539196 ],
       [0.6328725 ],
       [0.6439843 ],
       [0.4158266 ],
       [0.59947973],
       [0.45045584],
       [0.6123029 ],
       [0.53189915],
       [0.6037025 ],
       [0.41657043],
       [0.5436822 ],
       [0.52604246],
       [0.68539536],
       [0.227725  ],
       [0.5243923 ],
       [0.4124069 ],
       [0.4406516 ],
       [0.69295186],
       [0.5545459 ],
       [0.2664015 ],
       [0.40672106],
       [0.533622  ],
       [0.5799122 ],
       [0.5994274 ],
       [0.5595441 ],
       [0.4239995 ],
       [0.32850784],
       [0.37115204],
       [0.57602054],
       [0.49265546],
       [0.45066655],
       [0.419139  ],
       [0.39470574],
       [0.5020498 ],
       [0.5935053 ],
       [0.5695825 ],
       [0.436148  ],
       [0.3858854 ],
       [0.4109615 ],
       [0.45592126],
       [0.4464904 ],
       [0.5949797 ],
       [0.62091863],
       [0.5494172 ],
       [0.3613698 ],
       [0.46433744],
       [0.36715117],
       [0.44603205],
       [0.47232482],
       [0.25982273]], dtype=float32)]",Just one param in this model
