Model,Accuracy,best_model,F1 Score,Precision,Recall,Confusion Matrix,Y Probs
MLP_Sklearn,0.6269430051813472 +- 0.05855553345388966,"{'solver': 'adam', 'learning_rate': 'constant', 'hidden_layer_sizes': (32,), 'alpha': 0.001, 'activation': 'logistic'}",0.6470588235294118,[0.6226415094339622],[0.673469387755102],"[[[55, 40], [32, 66]]]","[array([0.56331131, 0.36943793, 0.50285835, 0.42474777, 0.76321662,
       0.66792026, 0.50211978, 0.42964065, 0.42343812, 0.27005016,
       0.36695874, 0.37880123, 0.36892059, 0.51968149, 0.48051817,
       0.53960033, 0.51169768, 0.34033765, 0.42769307, 0.45555659,
       0.40805328, 0.30350557, 0.45359363, 0.62574634, 0.41623741,
       0.49674198, 0.32950446, 0.22857983, 0.51131068, 0.51230686,
       0.46539101, 0.48600494, 0.5652988 , 0.45235061, 0.46587999,
       0.35345435, 0.35396587, 0.41843629, 0.50297149, 0.30883902,
       0.50237488, 0.62536291, 0.44447787, 0.5761793 , 0.60820177,
       0.67056237, 0.36512146, 0.40810463, 0.4295807 , 0.40782029,
       0.51682157, 0.43509508, 0.36577512, 0.2398998 , 0.38923647,
       0.37231036, 0.59183664, 0.3274067 , 0.42426164, 0.44309271,
       0.4836458 , 0.60229286, 0.56449841, 0.24193749, 0.32900656,
       0.23719636, 0.58732914, 0.66683425, 0.38146092, 0.31693602,
       0.42571014, 0.34235834, 0.53080014, 0.46546414, 0.6455585 ,
       0.45329945, 0.36777785, 0.71218863, 0.56945596, 0.75900591,
       0.73968837, 0.78448846, 0.75485457, 0.74546665, 0.57563946,
       0.62216032, 0.28503972, 0.75129809, 0.54704721, 0.69807943,
       0.59884073, 0.5411508 , 0.39880609, 0.32459869, 0.41815612,
       0.54524213, 0.47601815, 0.65321206, 0.51159924, 0.7801679 ,
       0.68096493, 0.69847218, 0.31635436, 0.38041207, 0.72697128,
       0.70766874, 0.55021125, 0.61040783, 0.55765617, 0.24998204,
       0.39219713, 0.49334637, 0.48759339, 0.63850386, 0.70998174,
       0.74218416, 0.50392297, 0.61556173, 0.64451199, 0.74857797,
       0.72811559, 0.76106569, 0.774642  , 0.64877584, 0.76708176,
       0.7652853 , 0.69490041, 0.74851081, 0.76376264, 0.71955332,
       0.77084606, 0.5608312 , 0.49035533, 0.48072426, 0.27490856,
       0.65918791, 0.61170372, 0.56613356, 0.73825343, 0.72000495,
       0.73946495, 0.59147759, 0.72154016, 0.68796611, 0.72159201,
       0.73777216, 0.60172249, 0.70673517, 0.52036647, 0.56530341,
       0.42604906, 0.55205937, 0.57782553, 0.58446216, 0.60042266,
       0.61062168, 0.15997384, 0.42237456, 0.1958729 , 0.4773246 ,
       0.79073565, 0.76676009, 0.24891696, 0.49128784, 0.42518445,
       0.78014693, 0.75464313, 0.73128639, 0.63933419, 0.34783826,
       0.43364142, 0.77548802, 0.75042988, 0.2998366 , 0.71713328,
       0.2829338 , 0.44219098, 0.80083722, 0.79213408, 0.38976576,
       0.47292476, 0.68059722, 0.35154575, 0.45249883, 0.79002888,
       0.73590551, 0.36780617, 0.24908714, 0.40449051, 0.36010992,
       0.53720875, 0.537686  , 0.25234254])]"
MLP_Keras,0.5854922279792746 +- 0.06397793003717012,"{'num_hidden_layers': 5, 'units': 64, 'units_1': 96, 'optimizer': 'adam', 'units_2': 64, 'units_3': 32, 'units_4': 32}",0.4871794871794871,[0.6551724137931034],[0.3877551020408163],"[[[75, 20], [60, 38]]]","[array([[0.52676547],
       [0.21441992],
       [0.34192467],
       [0.3966964 ],
       [0.6399415 ],
       [0.62078255],
       [0.26715162],
       [0.27540863],
       [0.33289275],
       [0.19831984],
       [0.28218535],
       [0.23310024],
       [0.23196991],
       [0.37902665],
       [0.31112012],
       [0.41183066],
       [0.45230693],
       [0.2304179 ],
       [0.23754363],
       [0.3957766 ],
       [0.2511759 ],
       [0.17974102],
       [0.3273584 ],
       [0.43829626],
       [0.27032205],
       [0.26769897],
       [0.20660296],
       [0.12665479],
       [0.34067205],
       [0.48477232],
       [0.36762652],
       [0.45640436],
       [0.37332594],
       [0.26601344],
       [0.27300438],
       [0.20516892],
       [0.28969908],
       [0.27616253],
       [0.42471603],
       [0.17171513],
       [0.3929727 ],
       [0.5872855 ],
       [0.32987344],
       [0.41063395],
       [0.55703944],
       [0.6613652 ],
       [0.23795302],
       [0.2874656 ],
       [0.28001818],
       [0.25367382],
       [0.40046385],
       [0.28290796],
       [0.22524372],
       [0.1513612 ],
       [0.26560184],
       [0.25662524],
       [0.5017997 ],
       [0.23063348],
       [0.27468383],
       [0.28736234],
       [0.3192089 ],
       [0.5205301 ],
       [0.39409968],
       [0.17563969],
       [0.2124274 ],
       [0.1452354 ],
       [0.44799438],
       [0.5388524 ],
       [0.29933938],
       [0.21745224],
       [0.22416347],
       [0.25087085],
       [0.43772534],
       [0.27217177],
       [0.5978008 ],
       [0.31299046],
       [0.24161948],
       [0.65341467],
       [0.39348453],
       [0.6988603 ],
       [0.69051176],
       [0.71205264],
       [0.707971  ],
       [0.585546  ],
       [0.4388507 ],
       [0.49359325],
       [0.18876794],
       [0.7053954 ],
       [0.48743498],
       [0.5793213 ],
       [0.5075282 ],
       [0.38643202],
       [0.24899982],
       [0.21081468],
       [0.30911028],
       [0.4396485 ],
       [0.35600224],
       [0.48916942],
       [0.32946274],
       [0.68459004],
       [0.53669286],
       [0.5449642 ],
       [0.20614944],
       [0.28297547],
       [0.6007903 ],
       [0.70609903],
       [0.37547824],
       [0.47316995],
       [0.43762207],
       [0.15053001],
       [0.29396495],
       [0.30370322],
       [0.38013232],
       [0.5957181 ],
       [0.6503474 ],
       [0.6736669 ],
       [0.46188042],
       [0.59150857],
       [0.6575193 ],
       [0.67099667],
       [0.6540224 ],
       [0.67015684],
       [0.69328994],
       [0.55499715],
       [0.6113516 ],
       [0.64783466],
       [0.63429135],
       [0.6939662 ],
       [0.6666395 ],
       [0.6410639 ],
       [0.66932535],
       [0.48621577],
       [0.4237588 ],
       [0.3923249 ],
       [0.22941773],
       [0.53836936],
       [0.513488  ],
       [0.43974656],
       [0.61708647],
       [0.6624256 ],
       [0.65718645],
       [0.38007867],
       [0.57169884],
       [0.636036  ],
       [0.6629337 ],
       [0.6887678 ],
       [0.5848995 ],
       [0.6780861 ],
       [0.3624218 ],
       [0.5963968 ],
       [0.30438963],
       [0.4366331 ],
       [0.5470334 ],
       [0.48670304],
       [0.507794  ],
       [0.36072817],
       [0.06727387],
       [0.38812572],
       [0.10970109],
       [0.38555354],
       [0.47955784],
       [0.40440905],
       [0.15507273],
       [0.3616055 ],
       [0.29248312],
       [0.47694916],
       [0.42068532],
       [0.33227643],
       [0.56564116],
       [0.2499212 ],
       [0.3113343 ],
       [0.37945738],
       [0.3846298 ],
       [0.19798115],
       [0.28259847],
       [0.19888037],
       [0.38087693],
       [0.4676926 ],
       [0.4333881 ],
       [0.24383728],
       [0.32106254],
       [0.32624918],
       [0.19799046],
       [0.28728274],
       [0.50387275],
       [0.7052589 ],
       [0.27292603],
       [0.15309411],
       [0.29683024],
       [0.21509288],
       [0.4546078 ],
       [0.4653394 ],
       [0.17405544]], dtype=float32)]"
E7GB,0.5906735751295337 +- 0.0318120557235232,"{0: {'num_leaves': 216, 'max_bin': 398, 'colsample_bytree': '0.730', 'learning_rate': '0.270', 'lambda_l2': 55, 'objective': 'binary'}, 1: {'num_leaves': 176, 'max_bin': 413, 'colsample_bytree': '0.730', 'learning_rate': '0.280', 'lambda_l2': 56, 'objective': 'binary'}, 2: {'num_leaves': 362, 'max_bin': 438, 'colsample_bytree': '0.550', 'learning_rate': '0.220', 'lambda_l2': 69, 'objective': 'binary'}, 3: {'num_leaves': 544, 'max_bin': 22, 'colsample_bytree': '0.320', 'learning_rate': '0.220', 'lambda_l2': 76, 'objective': 'binary'}, 4: {'num_leaves': 366, 'max_bin': 218, 'colsample_bytree': '0.400', 'learning_rate': '0.180', 'lambda_l2': 86, 'objective': 'binary'}, 5: {'num_leaves': 123, 'max_bin': 442, 'colsample_bytree': '0.410', 'learning_rate': '0.500', 'lambda_l2': 87, 'objective': 'binary'}, 6: {'num_leaves': 246, 'max_bin': 316, 'colsample_bytree': '0.670', 'learning_rate': '0.450', 'lambda_l2': 138, 'objective': 'binary'}}",0.5093167701863354,[0.6507936507936508],[0.41836734693877553],"[[[73, 22], [57, 41]]]","[array([0.44671522, 0.311704  , 0.46892853, 0.50514877, 0.61779147,
       0.55650273, 0.4652507 , 0.41818524, 0.36050861, 0.36342743,
       0.37361195, 0.37168985, 0.36939593, 0.36193489, 0.39429186,
       0.52805438, 0.47742583, 0.33923237, 0.36472173, 0.33039051,
       0.42215391, 0.36743846, 0.29667418, 0.55441426, 0.49192878,
       0.43408302, 0.45053736, 0.38749021, 0.49358548, 0.51087947,
       0.37310225, 0.48722314, 0.36567231, 0.41645017, 0.4216674 ,
       0.42495717, 0.43070029, 0.3512656 , 0.51254732, 0.5416157 ,
       0.42203618, 0.58350172, 0.27714953, 0.44604046, 0.58638704,
       0.61898975, 0.38550177, 0.356756  , 0.38214375, 0.41539248,
       0.58070636, 0.42926376, 0.46272972, 0.26617747, 0.32957821,
       0.39282574, 0.46590006, 0.40875575, 0.28063462, 0.29470907,
       0.48171658, 0.53222049, 0.47694578, 0.34045497, 0.28771018,
       0.34584318, 0.41693572, 0.60782181, 0.28416145, 0.30509659,
       0.37906842, 0.25375696, 0.49635523, 0.30059561, 0.52748528,
       0.24132878, 0.29513853, 0.57417406, 0.35331248, 0.57330918,
       0.50276832, 0.53328696, 0.53445915, 0.58650207, 0.40510918,
       0.43914581, 0.32640337, 0.49408847, 0.40598977, 0.48755875,
       0.600476  , 0.34011537, 0.25689093, 0.38790801, 0.3695452 ,
       0.50604906, 0.36784483, 0.47777269, 0.29049536, 0.55044084,
       0.53533815, 0.45808451, 0.29705802, 0.32248468, 0.59794464,
       0.52422235, 0.25374907, 0.40052246, 0.28902343, 0.29215933,
       0.27085493, 0.25857814, 0.34436995, 0.55898466, 0.62751312,
       0.62758119, 0.37124777, 0.61085626, 0.56864266, 0.63295886,
       0.55408915, 0.58078588, 0.46805258, 0.4803456 , 0.55006005,
       0.57408309, 0.47361867, 0.59927892, 0.58638643, 0.56845608,
       0.57653883, 0.5206973 , 0.39591628, 0.34174426, 0.22833234,
       0.59516241, 0.38680489, 0.42416332, 0.4996742 , 0.50248468,
       0.49094561, 0.53204163, 0.55755603, 0.56574322, 0.62592738,
       0.52881639, 0.56137123, 0.57074752, 0.30578772, 0.43545757,
       0.30265788, 0.4809542 , 0.43071633, 0.38039906, 0.46602292,
       0.57373665, 0.44329954, 0.47326098, 0.34865217, 0.4191606 ,
       0.54232357, 0.54098276, 0.40123461, 0.45028774, 0.39851508,
       0.45202312, 0.57606418, 0.48737046, 0.50608086, 0.37787499,
       0.44161833, 0.54233628, 0.54851291, 0.43527359, 0.525253  ,
       0.33552854, 0.47956819, 0.47219992, 0.55494271, 0.4110683 ,
       0.38610186, 0.49822086, 0.3581909 , 0.36370844, 0.54423095,
       0.50245614, 0.3546088 , 0.4331293 , 0.47184579, 0.49044791,
       0.5921335 , 0.41506498, 0.29925715])]"
ESVM,0.6217616580310881 +- 0.03432496022435218,"{'pca__n_components': 91, 'svc__C': 3.808860783585354, 'svc__kernel': 'linear', 'svc__gamma': 0.0015294840943341516, 'adaboost__n_estimators': 59, 'adaboost__learning_rate': 0.23814858681265466}",0.6217616580310881,[0.631578947368421],[0.6122448979591837],"[[[60, 35], [38, 60]]]","[array([0.50007257, 0.49317435, 0.50284305, 0.49135524, 0.51758987,
       0.5077541 , 0.50000789, 0.49433084, 0.49254609, 0.47806693,
       0.4845301 , 0.49187977, 0.48934492, 0.498548  , 0.49884806,
       0.50015435, 0.49937885, 0.48702295, 0.49833092, 0.49342962,
       0.49368078, 0.48466439, 0.49321028, 0.50595438, 0.49486019,
       0.50203664, 0.48805332, 0.4766318 , 0.5004399 , 0.49679674,
       0.49518797, 0.49620875, 0.50432559, 0.49410363, 0.4986046 ,
       0.49249597, 0.49212825, 0.49287631, 0.49924204, 0.48245995,
       0.49808808, 0.5022432 , 0.49436938, 0.50244038, 0.50262785,
       0.50547402, 0.49019363, 0.4914095 , 0.49572027, 0.48918269,
       0.49895272, 0.49702162, 0.48634173, 0.47398526, 0.48954925,
       0.4886575 , 0.50252495, 0.48368798, 0.49298412, 0.49364033,
       0.50177815, 0.50496447, 0.50264616, 0.47099694, 0.49100716,
       0.48106235, 0.50230738, 0.50700772, 0.49184682, 0.4816613 ,
       0.49685259, 0.48395823, 0.50249532, 0.49646091, 0.50682548,
       0.49380934, 0.48432884, 0.50672391, 0.50280302, 0.51449552,
       0.51144513, 0.51689899, 0.51249076, 0.51358279, 0.50435784,
       0.50591943, 0.47832424, 0.51323733, 0.497522  , 0.50520374,
       0.50037098, 0.50196891, 0.49074413, 0.48844132, 0.49557018,
       0.49897939, 0.49468279, 0.50570311, 0.4984572 , 0.51806795,
       0.50645766, 0.51044942, 0.48487207, 0.49000243, 0.51282707,
       0.51095263, 0.5003896 , 0.50345028, 0.49927554, 0.47606704,
       0.48745483, 0.49664336, 0.49735805, 0.50629139, 0.51161746,
       0.51280035, 0.50184715, 0.50341749, 0.5056681 , 0.51605915,
       0.50912466, 0.51642429, 0.5145544 , 0.50948412, 0.51517204,
       0.51553037, 0.51340132, 0.51383771, 0.51483545, 0.50911057,
       0.51494017, 0.50108102, 0.4932014 , 0.49725964, 0.47411102,
       0.50314912, 0.50112521, 0.50070647, 0.51391155, 0.50897894,
       0.51317745, 0.50231937, 0.51327891, 0.50680455, 0.50919409,
       0.51120579, 0.49233409, 0.50830652, 0.49690459, 0.50375779,
       0.4918925 , 0.49877143, 0.50153712, 0.50094731, 0.50079562,
       0.50561562, 0.41759044, 0.49573068, 0.45233522, 0.50005313,
       0.52226038, 0.52035535, 0.47997387, 0.49694482, 0.49716939,
       0.51581918, 0.51803063, 0.51636035, 0.50649676, 0.49066273,
       0.49900701, 0.51897126, 0.51752064, 0.47688838, 0.51851863,
       0.48151059, 0.49517817, 0.52134563, 0.51872551, 0.49779102,
       0.49907856, 0.5082914 , 0.4924906 , 0.49293106, 0.51804184,
       0.5127234 , 0.488144  , 0.46519   , 0.48589804, 0.4950214 ,
       0.4996941 , 0.50096745, 0.47065626])]"
WGLR,0.6113989637305699 +- 0.019539201319469107,0.9999999889741896,0.6511627906976744,[0.5982905982905983],[0.7142857142857143],"[[[48, 47], [28, 70]]]","[array([ 0.80505697,  0.131381  ,  0.8179082 ,  0.41318209,  1.03754641,
        0.40535537,  0.59483397,  0.7249015 ,  0.35147108,  0.21935351,
       -0.02978665,  0.13135792,  0.55316096,  0.45970217,  0.76809936,
        0.65140468,  0.58433715,  0.65344912,  0.67215155,  0.36814182,
        0.62741224,  0.98824727,  0.37027946,  0.78662383,  1.0119764 ,
        0.45168846,  0.30281789,  0.7222749 ,  0.86101087,  0.82624121,
        1.15841075, -0.11172571,  0.96874069,  0.51029598,  0.33770527,
        0.74106123,  0.87566019,  0.35322254,  0.91557325,  0.49102311,
        0.59707593,  0.45421776,  0.5026954 ,  0.5691574 ,  0.51578942,
        0.68657061,  0.3760613 ,  0.11502357,  0.63040291,  0.5287841 ,
        0.90445658,  0.63630569,  0.50192944,  0.84519898,  0.27844893,
        0.54904309,  0.3629698 ,  0.59296885,  0.31093042,  0.37523874,
        0.632735  ,  0.78151593,  0.70485513,  0.03671886,  0.48922461,
        1.52511722,  0.2626065 ,  0.62159158,  0.16318251,  0.11691657,
        0.8661633 ,  0.1339711 ,  0.57411716,  0.30428142,  0.57180797,
        0.36330508,  0.25252936,  0.57338838,  0.71637355,  1.05027001,
        0.54873205,  0.67687688,  0.78222785,  1.01645507,  0.67439647,
        0.85540353, -0.05196231,  0.95069723,  0.44168064,  0.4689261 ,
        0.41428947,  0.74136423, -0.11404516,  0.59863399,  0.84074302,
        0.61912723,  0.25449227,  0.49657566,  0.38175255,  1.04955227,
        0.67163453,  0.1694086 ,  0.21123092,  0.34170039,  0.8560652 ,
        0.89478667,  0.46104322,  0.55539581,  0.45995492,  0.07624945,
        0.3634618 ,  0.36410127,  0.49440891,  0.74566547,  1.17508028,
        0.84771211,  0.88166186,  0.63176724,  1.07186582,  1.22572826,
        0.85786071,  1.32387084,  0.90063239,  0.80504176,  1.3059806 ,
        1.19445397,  0.59236007,  1.00846827,  1.07169443,  0.75403495,
        1.04343363,  0.49050939,  0.65556258,  0.50950011,  0.15971178,
        1.02855612, -0.08798712,  0.39599351,  1.01829472,  1.01821613,
        0.95683502,  0.61772883,  0.86189183,  0.68646205,  0.63367713,
        0.79469901,  0.28499779,  0.82627512,  0.30659084,  0.62698076,
        0.32809739,  0.33773137,  0.68678825,  0.43247939,  0.68411373,
        1.06333451, -0.89538105,  0.35481837, -1.22876549,  0.41297643,
        1.57635126,  1.09078477,  0.45849489,  0.31379825,  0.82002496,
        1.13756619,  1.51143336,  1.26451839,  0.70308264,  0.59981468,
        0.75075529,  1.26364076,  0.94301495,  0.38829712,  1.41637051,
        0.7402009 ,  0.91783724,  1.44155968,  1.29661703,  0.71944636,
        0.98069642,  0.55472915,  0.65698631,  0.26284626,  1.14243972,
        0.84130189,  0.43767723, -0.10696566,  0.26800758,  0.69248331,
        0.28590657,  0.52915057, -0.05091642])]"
SVM,0.616580310880829 +- 0.04504923468824493,"{'C': 1, 'degree': 2, 'gamma': 0.1, 'kernel': 'rbf'}",0.6145833333333334,[0.6276595744680851],[0.6020408163265306],"[[[60, 35], [39, 59]]]","[array([0.55775715, 0.36619374, 0.55907817, 0.46616211, 0.74184087,
       0.66904984, 0.5       , 0.42216084, 0.40504908, 0.27316993,
       0.33554445, 0.35809384, 0.36184828, 0.47657634, 0.50794376,
       0.53469933, 0.5       , 0.31897135, 0.48842709, 0.42377107,
       0.39902486, 0.36762711, 0.39512169, 0.62201469, 0.44996104,
       0.49306017, 0.36218636, 0.44385316, 0.50784942, 0.48896842,
       0.42989325, 0.45476244, 0.56034436, 0.42772639, 0.46815398,
       0.42760054, 0.41688817, 0.38761418, 0.5       , 0.43217183,
       0.5       , 0.61172597, 0.41019567, 0.61072936, 0.58966061,
       0.66874771, 0.33825662, 0.39290075, 0.41867724, 0.44716942,
       0.58828323, 0.46032964, 0.38245713, 0.3082711 , 0.37632993,
       0.36366274, 0.63654853, 0.2980922 , 0.37444532, 0.42192843,
       0.5102222 , 0.65457182, 0.56143282, 0.2977306 , 0.36251125,
       0.40705374, 0.58609872, 0.66720152, 0.41349986, 0.28712853,
       0.42969624, 0.27891088, 0.59032808, 0.43116192, 0.64134987,
       0.40486704, 0.31639591, 0.70745885, 0.56684699, 0.75396836,
       0.73681177, 0.7701078 , 0.75571792, 0.74919674, 0.6004305 ,
       0.63881857, 0.3284146 , 0.77616714, 0.51412664, 0.67016163,
       0.5678502 , 0.54705372, 0.32876605, 0.33690637, 0.44034157,
       0.51015371, 0.41309267, 0.63259142, 0.45326579, 0.77831594,
       0.65252666, 0.66359655, 0.28806329, 0.33993088, 0.71972292,
       0.71787826, 0.53039233, 0.58764105, 0.5090228 , 0.35015265,
       0.36871322, 0.43675878, 0.47627542, 0.64510704, 0.70998708,
       0.73342466, 0.5       , 0.59972141, 0.63215945, 0.70833572,
       0.6827387 , 0.71505222, 0.72430578, 0.64014458, 0.71055807,
       0.6930483 , 0.67612674, 0.71168498, 0.70476991, 0.66943424,
       0.72169591, 0.54502955, 0.47619108, 0.49288054, 0.30863598,
       0.61153869, 0.57906257, 0.52325412, 0.69987976, 0.63424903,
       0.68763959, 0.55242334, 0.67230562, 0.64643967, 0.65417038,
       0.69072949, 0.58845666, 0.67412942, 0.45989745, 0.55900484,
       0.40097292, 0.49388056, 0.56929991, 0.54340703, 0.54318556,
       0.5915784 , 0.45990323, 0.47769542, 0.44219625, 0.5       ,
       0.67650703, 0.66921508, 0.35793975, 0.52572525, 0.48237495,
       0.66762939, 0.66672315, 0.66638353, 0.66089327, 0.38517652,
       0.47136392, 0.66945147, 0.64323605, 0.30169572, 0.63363629,
       0.33794591, 0.5       , 0.66922194, 0.6653623 , 0.4826707 ,
       0.5       , 0.617425  , 0.39376976, 0.41650964, 0.65263573,
       0.70829164, 0.37933689, 0.37093461, 0.40213427, 0.46510699,
       0.61178039, 0.51553051, 0.27646646])]"
XGB,0.6113989637305699 +- 0.031057755961442474,"{'colsample_bytree': 1.0, 'gamma': 0, 'learning_rate': 0.01, 'max_depth': 3, 'min_child_weight': 2, 'n_estimators': 100, 'subsample': 1.0}",0.6192893401015229,[0.6161616161616161],[0.6224489795918368],"[[[57, 38], [37, 61]]]","[array([0.50810194, 0.40348002, 0.45665172, 0.4953693 , 0.75914985,
       0.59919304, 0.5526592 , 0.5265493 , 0.46685296, 0.4610361 ,
       0.44884717, 0.46159986, 0.50852793, 0.44769648, 0.4922339 ,
       0.56808907, 0.4338261 , 0.41615403, 0.47692624, 0.3831374 ,
       0.47513568, 0.4378687 , 0.4300811 , 0.5502433 , 0.5427132 ,
       0.55711913, 0.55758995, 0.4771492 , 0.5082612 , 0.51776654,
       0.5308001 , 0.51356304, 0.42281795, 0.53455514, 0.46957627,
       0.47617558, 0.41808334, 0.4180185 , 0.5406654 , 0.5555948 ,
       0.4706185 , 0.7278903 , 0.35592642, 0.5063323 , 0.568775  ,
       0.7524633 , 0.45758292, 0.47106352, 0.5212605 , 0.44451982,
       0.75914985, 0.51007587, 0.5628599 , 0.38473988, 0.4114457 ,
       0.47651714, 0.52942806, 0.43989557, 0.37495658, 0.4272858 ,
       0.54810375, 0.5403397 , 0.510664  , 0.39350814, 0.40642482,
       0.38090906, 0.44746622, 0.58812016, 0.4273475 , 0.3662004 ,
       0.5397073 , 0.33390656, 0.49477118, 0.42795876, 0.6050153 ,
       0.3550609 , 0.31216934, 0.7374479 , 0.4163293 , 0.6241969 ,
       0.6134561 , 0.6047025 , 0.5278243 , 0.73898894, 0.44817844,
       0.51088035, 0.3715926 , 0.6020811 , 0.41048864, 0.6505293 ,
       0.59551674, 0.42554924, 0.3934846 , 0.46374935, 0.43328485,
       0.45893928, 0.4228749 , 0.52912164, 0.38979474, 0.6362236 ,
       0.5489906 , 0.48898152, 0.3650603 , 0.36886546, 0.72970355,
       0.6505293 , 0.37567985, 0.43436795, 0.3807973 , 0.3801896 ,
       0.4085531 , 0.35705084, 0.40922233, 0.5774408 , 0.7418249 ,
       0.760188  , 0.4559489 , 0.71365476, 0.7539482 , 0.7528919 ,
       0.72529894, 0.64946043, 0.53363055, 0.7154137 , 0.67584854,
       0.6700834 , 0.62375206, 0.67584854, 0.63963526, 0.713774  ,
       0.67584854, 0.51870733, 0.3791878 , 0.43125302, 0.34811214,
       0.55901337, 0.47224215, 0.46031594, 0.6257584 , 0.7381411 ,
       0.4542818 , 0.50483483, 0.6644499 , 0.5855269 , 0.74237734,
       0.6459442 , 0.61265683, 0.6644499 , 0.40613627, 0.44205084,
       0.44192752, 0.49452448, 0.4193183 , 0.463707  , 0.5249852 ,
       0.72226053, 0.4935388 , 0.5115702 , 0.43750504, 0.4545393 ,
       0.7401475 , 0.7246585 , 0.4780755 , 0.49146572, 0.44939932,
       0.6400273 , 0.74705493, 0.62694174, 0.70845807, 0.45184582,
       0.4672399 , 0.731943  , 0.5730766 , 0.43834344, 0.7153496 ,
       0.4312106 , 0.5310268 , 0.6518209 , 0.7149343 , 0.46826816,
       0.45904157, 0.68199944, 0.5052291 , 0.42937   , 0.7442567 ,
       0.6387163 , 0.47979164, 0.44727802, 0.50083065, 0.576183  ,
       0.5435897 , 0.5626486 , 0.39225405], dtype=float32)]"
LR,0.6476683937823834 +- 0.058824453111729735,"{'C': 0.1, 'penalty': 'l2', 'solver': 'liblinear'}",0.6222222222222223,[0.6829268292682927],[0.5714285714285714],"[[[69, 26], [42, 56]]]","[array([0.57616241, 0.30818855, 0.55517961, 0.38064074, 0.68926849,
       0.62169236, 0.42844588, 0.36725281, 0.35224127, 0.28451501,
       0.45576279, 0.33198211, 0.34500888, 0.46815703, 0.41826051,
       0.51878133, 0.48715193, 0.33350712, 0.43649038, 0.43118229,
       0.3790459 , 0.22805542, 0.4855331 , 0.58577414, 0.40423639,
       0.45174462, 0.26608047, 0.11883335, 0.46481432, 0.46297967,
       0.44916993, 0.48399009, 0.48302971, 0.4037216 , 0.43256243,
       0.30978335, 0.24627797, 0.42689114, 0.43228948, 0.26606737,
       0.54732718, 0.61170791, 0.47078533, 0.55029858, 0.55797351,
       0.60521154, 0.31536927, 0.38105629, 0.38891686, 0.38324229,
       0.53906657, 0.45608704, 0.36596072, 0.13078547, 0.3626185 ,
       0.3555948 , 0.63080741, 0.30287068, 0.38114112, 0.40692865,
       0.49696618, 0.63277202, 0.52072553, 0.1630233 , 0.42066881,
       0.21521007, 0.5627595 , 0.60366229, 0.33059012, 0.27071302,
       0.34693153, 0.32457509, 0.56552413, 0.44969449, 0.60101354,
       0.42653941, 0.32912538, 0.62520575, 0.46684305, 0.65725238,
       0.71629339, 0.7032474 , 0.6893299 , 0.68764659, 0.44501024,
       0.59690931, 0.16548598, 0.69307675, 0.50778227, 0.67450907,
       0.49235913, 0.49331662, 0.37212183, 0.29895321, 0.40239463,
       0.49871291, 0.35187802, 0.53744045, 0.42690389, 0.69670389,
       0.58490958, 0.62508504, 0.19888084, 0.32660734, 0.63283247,
       0.63685229, 0.45869937, 0.50699599, 0.43843025, 0.15143289,
       0.30989757, 0.40812998, 0.43394346, 0.61574121, 0.59912892,
       0.62010454, 0.51050056, 0.66125607, 0.64284893, 0.70488174,
       0.66720387, 0.66966123, 0.69325388, 0.59486713, 0.65832822,
       0.672455  , 0.65457687, 0.67238641, 0.65348746, 0.61162598,
       0.66809423, 0.48360957, 0.4204268 , 0.41506118, 0.3266343 ,
       0.53975979, 0.58104907, 0.47395308, 0.69709715, 0.59182076,
       0.59743225, 0.55288194, 0.68253415, 0.53196341, 0.61583399,
       0.64080939, 0.53328726, 0.62561956, 0.48112098, 0.60392911,
       0.42476877, 0.49960931, 0.46618359, 0.54364864, 0.55282031,
       0.57441963, 0.03858745, 0.54537681, 0.17421825, 0.46397082,
       0.55969326, 0.48858613, 0.23854377, 0.47855175, 0.46034437,
       0.54835317, 0.51392274, 0.52275907, 0.61357755, 0.31801639,
       0.49950753, 0.50091691, 0.3793981 , 0.29683108, 0.3909771 ,
       0.30440741, 0.50066047, 0.52491718, 0.49249336, 0.43904463,
       0.3681088 , 0.36713763, 0.31462833, 0.37880424, 0.50637472,
       0.72518336, 0.42492962, 0.2572512 , 0.46999303, 0.42127928,
       0.5788341 , 0.49211184, 0.25120128])]"
RF,0.6217616580310881 +- 0.04082436390279042,"{'max_depth': 20, 'min_samples_leaf': 2, 'min_samples_split': 10, 'n_estimators': 300}",0.5680473372781065,[0.676056338028169],[0.4897959183673469],"[[[72, 23], [50, 48]]]","[array([0.48330423, 0.20910619, 0.57958604, 0.51579012, 0.90573934,
       0.58386197, 0.4313125 , 0.49420598, 0.35825464, 0.39332264,
       0.62779308, 0.30864188, 0.31598896, 0.46864673, 0.29256529,
       0.58525131, 0.564897  , 0.27448564, 0.46137008, 0.53134135,
       0.35203547, 0.26116601, 0.5607903 , 0.58158187, 0.54388976,
       0.34167582, 0.27721392, 0.35606887, 0.5634231 , 0.51567448,
       0.60055118, 0.66742481, 0.40105023, 0.43928572, 0.39931241,
       0.36223851, 0.39643711, 0.41995968, 0.55400541, 0.28076317,
       0.34898717, 0.60209847, 0.40618074, 0.59003469, 0.4391048 ,
       0.85849358, 0.27102594, 0.35578877, 0.28509164, 0.23460124,
       0.67940995, 0.37819654, 0.33393436, 0.21889637, 0.21711219,
       0.36241145, 0.51366502, 0.23432561, 0.22843933, 0.34345551,
       0.38251934, 0.48096652, 0.51425203, 0.212309  , 0.25475538,
       0.32010417, 0.40564754, 0.6750069 , 0.27286348, 0.18517815,
       0.25730217, 0.34514301, 0.43203363, 0.25061522, 0.64047108,
       0.32311888, 0.17329467, 0.8139682 , 0.39087754, 0.89699151,
       0.89727562, 0.76460725, 0.81485429, 0.82786351, 0.43900017,
       0.54371626, 0.30283122, 0.74666897, 0.47299491, 0.78421867,
       0.4176747 , 0.24565279, 0.28624987, 0.3145814 , 0.46538627,
       0.47963108, 0.28386302, 0.44478018, 0.34657538, 0.89920714,
       0.52653856, 0.54544265, 0.23337209, 0.23632953, 0.85459776,
       0.9036282 , 0.36025133, 0.47237506, 0.34784895, 0.21229935,
       0.38799143, 0.37722296, 0.39756801, 0.57906526, 0.77657999,
       0.87580254, 0.36720652, 0.80663758, 0.7393207 , 0.91289236,
       0.78457238, 0.66744801, 0.7087363 , 0.65983906, 0.6762861 ,
       0.71159523, 0.55735593, 0.77683332, 0.73691027, 0.82699141,
       0.73935888, 0.38702963, 0.38344372, 0.30716607, 0.37501061,
       0.73767323, 0.49341213, 0.3033966 , 0.81730238, 0.74597295,
       0.75173908, 0.40147918, 0.70863457, 0.67610615, 0.89099577,
       0.68245785, 0.75533913, 0.7162893 , 0.42361109, 0.5780659 ,
       0.39824072, 0.5189857 , 0.43530676, 0.43857267, 0.38481123,
       0.44195474, 0.33183019, 0.41866885, 0.36184705, 0.52754392,
       0.41788007, 0.36924254, 0.31133754, 0.45385682, 0.42212809,
       0.4428831 , 0.49009904, 0.43624948, 0.62375453, 0.3761889 ,
       0.49969095, 0.4184713 , 0.34908055, 0.30533944, 0.33064497,
       0.36094557, 0.39597241, 0.4476005 , 0.49588845, 0.42965061,
       0.30452868, 0.35362564, 0.24863136, 0.29082746, 0.45835303,
       0.75440514, 0.30545394, 0.34901181, 0.35081314, 0.47608157,
       0.53907345, 0.43579749, 0.25942151])]"
CNN,0.5906735751295337 +- 0.016072380279844874,Just one param in this model,0.639269406392694,[0.5785123966942148],[0.7142857142857143],"[[[44, 51], [28, 70]]]","[array([[0.635691  ],
       [0.53903025],
       [0.48039964],
       [0.31400084],
       [0.6115047 ],
       [0.5804941 ],
       [0.515156  ],
       [0.5366932 ],
       [0.693499  ],
       [0.4607785 ],
       [0.47377804],
       [0.44034505],
       [0.5520383 ],
       [0.4829088 ],
       [0.39062497],
       [0.6001436 ],
       [0.50555587],
       [0.4778046 ],
       [0.5694507 ],
       [0.60515445],
       [0.5312624 ],
       [0.5107341 ],
       [0.6072948 ],
       [0.5805913 ],
       [0.60620487],
       [0.47311944],
       [0.48275796],
       [0.3910261 ],
       [0.52091986],
       [0.5688289 ],
       [0.64398843],
       [0.5249808 ],
       [0.62027645],
       [0.5380189 ],
       [0.47443315],
       [0.30268463],
       [0.807304  ],
       [0.5716194 ],
       [0.5361135 ],
       [0.3870311 ],
       [0.5654507 ],
       [0.5872867 ],
       [0.59009767],
       [0.5017779 ],
       [0.5981345 ],
       [0.5939463 ],
       [0.54659504],
       [0.6456143 ],
       [0.5878337 ],
       [0.44805017],
       [0.5790312 ],
       [0.5016343 ],
       [0.5390003 ],
       [0.24437329],
       [0.516898  ],
       [0.53347594],
       [0.60314876],
       [0.62987363],
       [0.60469306],
       [0.5543656 ],
       [0.5544723 ],
       [0.62207264],
       [0.48211485],
       [0.2228977 ],
       [0.4335833 ],
       [0.40760082],
       [0.613983  ],
       [0.58889914],
       [0.5423384 ],
       [0.53599244],
       [0.5648417 ],
       [0.4426987 ],
       [0.7566229 ],
       [0.549587  ],
       [0.6668064 ],
       [0.5620569 ],
       [0.4276644 ],
       [0.6396034 ],
       [0.58747494],
       [0.6152833 ],
       [0.603221  ],
       [0.6325201 ],
       [0.662231  ],
       [0.64975166],
       [0.89865285],
       [0.8003569 ],
       [0.34384775],
       [0.5509446 ],
       [0.54104346],
       [0.45548174],
       [0.47393903],
       [0.6115468 ],
       [0.38542324],
       [0.47278515],
       [0.502682  ],
       [0.6407461 ],
       [0.47829786],
       [0.52549785],
       [0.7274175 ],
       [0.6388073 ],
       [0.5489841 ],
       [0.55373174],
       [0.4289327 ],
       [0.49224588],
       [0.5594932 ],
       [0.63014495],
       [0.30859983],
       [0.59223545],
       [0.3711613 ],
       [0.47881666],
       [0.4418365 ],
       [0.5893861 ],
       [0.61635274],
       [0.6362962 ],
       [0.5677552 ],
       [0.49682042],
       [0.4357359 ],
       [0.51303715],
       [0.31030327],
       [0.5394479 ],
       [0.36378303],
       [0.5201209 ],
       [0.52960676],
       [0.45808548],
       [0.5450981 ],
       [0.5467139 ],
       [0.5308591 ],
       [0.5334844 ],
       [0.53180283],
       [0.3539876 ],
       [0.50337684],
       [0.4704612 ],
       [0.47429574],
       [0.2731899 ],
       [0.5259695 ],
       [0.499218  ],
       [0.31888545],
       [0.47214586],
       [0.537424  ],
       [0.23039381],
       [0.47344917],
       [0.52000076],
       [0.54352057],
       [0.51566863],
       [0.564798  ],
       [0.5470681 ],
       [0.07870045],
       [0.5309085 ],
       [0.28902382],
       [0.4198357 ],
       [0.556849  ],
       [0.5613404 ],
       [0.3115299 ],
       [0.37531576],
       [0.5241219 ],
       [0.57620674],
       [0.47687477],
       [0.47122818],
       [0.51812524],
       [0.2180382 ],
       [0.39782137],
       [0.5639285 ],
       [0.24122518],
       [0.509109  ],
       [0.51518655],
       [0.50917673],
       [0.5616618 ],
       [0.30199522],
       [0.45768017],
       [0.43402013],
       [0.29771376],
       [0.5510216 ],
       [0.4747587 ],
       [0.5382648 ],
       [0.53525996],
       [0.4605298 ],
       [0.5524618 ],
       [0.45779878],
       [0.51648355],
       [0.52354556],
       [0.48510042],
       [0.4938969 ],
       [0.49357992],
       [0.52524114],
       [0.5407868 ],
       [0.5780161 ],
       [0.53788704],
       [0.48130095],
       [0.5189673 ],
       [0.36051244],
       [0.50792927],
       [0.33517978],
       [0.45751566]], dtype=float32)]"
RNN,0.6269430051813472 +- 0.04286352397589053,Just one param in this model,0.6210526315789474,[0.6413043478260869],[0.6020408163265306],"[[[62, 33], [39, 59]]]","[array([[0.5853149 ],
       [0.43581933],
       [0.42280322],
       [0.2835525 ],
       [0.5834123 ],
       [0.55505174],
       [0.3783525 ],
       [0.3757296 ],
       [0.62488586],
       [0.358632  ],
       [0.4246976 ],
       [0.33100265],
       [0.4563732 ],
       [0.37013307],
       [0.28918496],
       [0.5756966 ],
       [0.4909497 ],
       [0.3461036 ],
       [0.4502647 ],
       [0.534557  ],
       [0.43234703],
       [0.32438123],
       [0.53228676],
       [0.4571037 ],
       [0.5352266 ],
       [0.34213188],
       [0.27846542],
       [0.26432884],
       [0.4368148 ],
       [0.5123922 ],
       [0.57913995],
       [0.45520434],
       [0.43230626],
       [0.37976095],
       [0.35125118],
       [0.26437598],
       [0.56347495],
       [0.40404138],
       [0.5090814 ],
       [0.37514946],
       [0.5180448 ],
       [0.57171625],
       [0.5641329 ],
       [0.39547402],
       [0.5062525 ],
       [0.5740034 ],
       [0.46977916],
       [0.5031477 ],
       [0.49972284],
       [0.34212205],
       [0.51074564],
       [0.51706976],
       [0.41496998],
       [0.19145128],
       [0.4014652 ],
       [0.4286609 ],
       [0.5674826 ],
       [0.500314  ],
       [0.47355685],
       [0.41583526],
       [0.46961606],
       [0.44658768],
       [0.4180484 ],
       [0.12915719],
       [0.405565  ],
       [0.42119628],
       [0.4417902 ],
       [0.5425256 ],
       [0.47378114],
       [0.39834   ],
       [0.45257983],
       [0.4553911 ],
       [0.7012641 ],
       [0.37743622],
       [0.59764874],
       [0.4369078 ],
       [0.3666316 ],
       [0.5840545 ],
       [0.40466127],
       [0.5936149 ],
       [0.58980465],
       [0.60908633],
       [0.6170419 ],
       [0.543801  ],
       [0.8520768 ],
       [0.7912299 ],
       [0.29899395],
       [0.5564288 ],
       [0.5597839 ],
       [0.5716624 ],
       [0.44637898],
       [0.46753693],
       [0.2927498 ],
       [0.3369504 ],
       [0.4286128 ],
       [0.57458556],
       [0.4778122 ],
       [0.5016626 ],
       [0.6860495 ],
       [0.600664  ],
       [0.49946737],
       [0.53360033],
       [0.34627387],
       [0.4634022 ],
       [0.54007256],
       [0.59210414],
       [0.27406734],
       [0.5282405 ],
       [0.40566579],
       [0.41395608],
       [0.3532571 ],
       [0.4852486 ],
       [0.5765915 ],
       [0.6013996 ],
       [0.5420253 ],
       [0.50626063],
       [0.7025279 ],
       [0.62769943],
       [0.50311065],
       [0.6351002 ],
       [0.6131099 ],
       [0.6032618 ],
       [0.6476614 ],
       [0.51716465],
       [0.6066191 ],
       [0.6487731 ],
       [0.6606223 ],
       [0.6344365 ],
       [0.63080186],
       [0.4850033 ],
       [0.6000008 ],
       [0.57886773],
       [0.49573785],
       [0.38120124],
       [0.48585716],
       [0.54536325],
       [0.48629102],
       [0.47981307],
       [0.6433092 ],
       [0.5546455 ],
       [0.5957363 ],
       [0.4645666 ],
       [0.5702245 ],
       [0.5539196 ],
       [0.6328725 ],
       [0.6439843 ],
       [0.4158266 ],
       [0.59947973],
       [0.45045584],
       [0.6123029 ],
       [0.53189915],
       [0.6037025 ],
       [0.41657043],
       [0.5436822 ],
       [0.52604246],
       [0.68539536],
       [0.227725  ],
       [0.5243923 ],
       [0.4124069 ],
       [0.4406516 ],
       [0.69295186],
       [0.5545459 ],
       [0.2664015 ],
       [0.40672106],
       [0.533622  ],
       [0.5799122 ],
       [0.5994274 ],
       [0.5595441 ],
       [0.4239995 ],
       [0.32850784],
       [0.37115204],
       [0.57602054],
       [0.49265546],
       [0.45066655],
       [0.419139  ],
       [0.39470574],
       [0.5020498 ],
       [0.5935053 ],
       [0.5695825 ],
       [0.436148  ],
       [0.3858854 ],
       [0.4109615 ],
       [0.45592126],
       [0.4464904 ],
       [0.5949797 ],
       [0.62091863],
       [0.5494172 ],
       [0.3613698 ],
       [0.46433744],
       [0.36715117],
       [0.44603205],
       [0.47232482],
       [0.25982273]], dtype=float32)]"
