Model,Accuracy,best_model,F1 Score,Precision,Recall,Confusion Matrix,Y Probs
MLP_Sklearn,0.6683937823834197 +- 0.04666121747067028,"{'solver': 'adam', 'learning_rate': 'invscaling', 'hidden_layer_sizes': (64, 64, 128), 'alpha': 0.0001, 'activation': 'tanh'}",0.6404494382022472,[0.7125],[0.5816326530612245],"[[[72, 23], [41, 57]]]","[array([0.59960733, 0.35335313, 0.51822148, 0.39431706, 0.75792899,
       0.73431169, 0.46117408, 0.42570149, 0.62714522, 0.08064902,
       0.19849887, 0.43567721, 0.38647064, 0.43621232, 0.44325117,
       0.66906506, 0.60647435, 0.24602974, 0.45439695, 0.562124  ,
       0.39956062, 0.23581443, 0.34423151, 0.46386577, 0.61179625,
       0.44785847, 0.36425381, 0.08420561, 0.51526132, 0.58980783,
       0.64786852, 0.57062285, 0.62532602, 0.39841483, 0.4876117 ,
       0.26110917, 0.43278471, 0.29629387, 0.62548963, 0.13968063,
       0.35445866, 0.49529803, 0.43292449, 0.5162904 , 0.47089493,
       0.63850598, 0.3809903 , 0.27027566, 0.48888015, 0.12310938,
       0.35708945, 0.50673976, 0.28023836, 0.06206542, 0.30523193,
       0.3706708 , 0.57113477, 0.28829377, 0.44959731, 0.42765339,
       0.38404259, 0.44305179, 0.49280145, 0.07022459, 0.15285123,
       0.0608206 , 0.43655413, 0.57657766, 0.47812674, 0.24432717,
       0.46316335, 0.34302942, 0.63484168, 0.25759183, 0.65789717,
       0.42355791, 0.17023874, 0.68983371, 0.44306903, 0.68164351,
       0.55413514, 0.73433558, 0.74065407, 0.57159494, 0.65034949,
       0.66520455, 0.24293483, 0.70643577, 0.51774566, 0.62291501,
       0.47101735, 0.48376239, 0.24060581, 0.35759046, 0.54438391,
       0.56575045, 0.45914598, 0.56885549, 0.59772524, 0.74952151,
       0.52178846, 0.6292736 , 0.23430601, 0.31197117, 0.6324254 ,
       0.69070864, 0.23088787, 0.60254348, 0.40369131, 0.08267309,
       0.45356973, 0.55219652, 0.65614953, 0.57798161, 0.61801096,
       0.6448784 , 0.66228763, 0.39902587, 0.33688872, 0.60693862,
       0.48049109, 0.66344502, 0.62769267, 0.46790967, 0.59737433,
       0.64666209, 0.7138903 , 0.62381051, 0.68494514, 0.44418483,
       0.6277861 , 0.61236016, 0.2611589 , 0.46787091, 0.09859787,
       0.47675838, 0.49845258, 0.42851107, 0.50900631, 0.54962892,
       0.6843789 , 0.2844226 , 0.47064188, 0.63191456, 0.66034495,
       0.65859043, 0.09304551, 0.5692818 , 0.41415411, 0.47557621,
       0.3078683 , 0.60569226, 0.46180964, 0.51731252, 0.37039433,
       0.30791663, 0.00761636, 0.4317465 , 0.0586857 , 0.54699359,
       0.69584876, 0.6213012 , 0.23365754, 0.44256506, 0.426559  ,
       0.46336309, 0.62464879, 0.58917774, 0.48404278, 0.43535955,
       0.37626823, 0.62123354, 0.55123533, 0.0906434 , 0.38603375,
       0.27417613, 0.47241851, 0.58595041, 0.71911825, 0.36536499,
       0.35881048, 0.31884783, 0.33347912, 0.36872321, 0.51046637,
       0.5672032 , 0.27752584, 0.0161129 , 0.10570432, 0.38645158,
       0.35300093, 0.60177588, 0.0341294 ])]"
MLP_Keras,0.6373056994818653 +- 0.06817590756487728,"{'num_hidden_layers': 5, 'units': 96, 'units_1': 128, 'optimizer': 'adam', 'units_2': 128, 'units_3': 32, 'units_4': 96}",0.6153846153846153,[0.6666666666666666],[0.5714285714285714],"[[[67, 28], [42, 56]]]","[array([[0.8278959 ],
       [0.25376573],
       [0.65387666],
       [0.34769493],
       [0.8575097 ],
       [0.8219615 ],
       [0.28536236],
       [0.26607832],
       [0.34632573],
       [0.21133727],
       [0.39125392],
       [0.26325753],
       [0.43917814],
       [0.3323137 ],
       [0.3134508 ],
       [0.7409848 ],
       [0.42694622],
       [0.24467437],
       [0.2651086 ],
       [0.6192112 ],
       [0.25429818],
       [0.2038939 ],
       [0.34770477],
       [0.41798776],
       [0.6365921 ],
       [0.27060375],
       [0.21386816],
       [0.16622324],
       [0.33481097],
       [0.5405304 ],
       [0.74073535],
       [0.6756072 ],
       [0.4054593 ],
       [0.24793871],
       [0.32122505],
       [0.19426093],
       [0.33103883],
       [0.26537275],
       [0.41486093],
       [0.13889691],
       [0.49676022],
       [0.64170575],
       [0.63884276],
       [0.46230322],
       [0.48422256],
       [0.8468175 ],
       [0.28809097],
       [0.24265887],
       [0.46681368],
       [0.16223396],
       [0.3462152 ],
       [0.43217444],
       [0.24239887],
       [0.13602142],
       [0.2706981 ],
       [0.3249914 ],
       [0.7440233 ],
       [0.270547  ],
       [0.28988692],
       [0.2825571 ],
       [0.32751837],
       [0.3675535 ],
       [0.49403462],
       [0.16899787],
       [0.21384807],
       [0.15822129],
       [0.36307487],
       [0.66767484],
       [0.42497137],
       [0.23841994],
       [0.34653804],
       [0.30305704],
       [0.86372715],
       [0.25859714],
       [0.7995642 ],
       [0.41141683],
       [0.23373033],
       [0.8326214 ],
       [0.2642047 ],
       [0.84763736],
       [0.84567875],
       [0.88182604],
       [0.86230934],
       [0.5806793 ],
       [0.5894429 ],
       [0.8361185 ],
       [0.24744682],
       [0.893005  ],
       [0.76520544],
       [0.8489046 ],
       [0.4938672 ],
       [0.29918885],
       [0.2702155 ],
       [0.2756648 ],
       [0.43956968],
       [0.7398172 ],
       [0.34272274],
       [0.70629007],
       [0.6058937 ],
       [0.87664706],
       [0.6194824 ],
       [0.78956187],
       [0.22742942],
       [0.31920204],
       [0.79634386],
       [0.87869143],
       [0.22106908],
       [0.6640878 ],
       [0.47729805],
       [0.18710198],
       [0.32121477],
       [0.40214658],
       [0.7912185 ],
       [0.7975481 ],
       [0.69078195],
       [0.8249086 ],
       [0.7619283 ],
       [0.6459528 ],
       [0.7277499 ],
       [0.7257016 ],
       [0.60651743],
       [0.72944015],
       [0.8314648 ],
       [0.5993688 ],
       [0.56905127],
       [0.7931828 ],
       [0.8385182 ],
       [0.8150715 ],
       [0.7854209 ],
       [0.58933944],
       [0.69039387],
       [0.6647433 ],
       [0.28205046],
       [0.24509291],
       [0.24718894],
       [0.26921502],
       [0.4957193 ],
       [0.21659636],
       [0.7558074 ],
       [0.5143587 ],
       [0.58071405],
       [0.3289692 ],
       [0.52685213],
       [0.47412956],
       [0.7887295 ],
       [0.8008822 ],
       [0.2050374 ],
       [0.7088838 ],
       [0.4131204 ],
       [0.78051686],
       [0.5092372 ],
       [0.7471705 ],
       [0.50464714],
       [0.56208766],
       [0.47910786],
       [0.7680431 ],
       [0.04091105],
       [0.39354992],
       [0.08677509],
       [0.43182042],
       [0.8965486 ],
       [0.78911996],
       [0.17636558],
       [0.36625347],
       [0.52583104],
       [0.8926987 ],
       [0.85669196],
       [0.88755256],
       [0.57338595],
       [0.21491532],
       [0.44826493],
       [0.774113  ],
       [0.3318849 ],
       [0.15669079],
       [0.2107684 ],
       [0.24567515],
       [0.5167275 ],
       [0.8711644 ],
       [0.8061077 ],
       [0.23405921],
       [0.18916826],
       [0.24046753],
       [0.21837802],
       [0.21791138],
       [0.7900923 ],
       [0.870871  ],
       [0.29728392],
       [0.08056455],
       [0.2039609 ],
       [0.22153698],
       [0.24150562],
       [0.67735636],
       [0.10960096]], dtype=float32)]"
E7GB,0.6580310880829016 +- 0.020368550566665124,"{0: {'num_leaves': 216, 'max_bin': 398, 'colsample_bytree': '0.730', 'learning_rate': '0.270', 'lambda_l2': 55, 'objective': 'binary'}, 1: {'num_leaves': 176, 'max_bin': 413, 'colsample_bytree': '0.730', 'learning_rate': '0.280', 'lambda_l2': 56, 'objective': 'binary'}, 2: {'num_leaves': 362, 'max_bin': 438, 'colsample_bytree': '0.550', 'learning_rate': '0.220', 'lambda_l2': 69, 'objective': 'binary'}, 3: {'num_leaves': 544, 'max_bin': 22, 'colsample_bytree': '0.320', 'learning_rate': '0.220', 'lambda_l2': 76, 'objective': 'binary'}, 4: {'num_leaves': 366, 'max_bin': 218, 'colsample_bytree': '0.400', 'learning_rate': '0.180', 'lambda_l2': 86, 'objective': 'binary'}, 5: {'num_leaves': 123, 'max_bin': 442, 'colsample_bytree': '0.410', 'learning_rate': '0.500', 'lambda_l2': 87, 'objective': 'binary'}, 6: {'num_leaves': 246, 'max_bin': 316, 'colsample_bytree': '0.670', 'learning_rate': '0.450', 'lambda_l2': 138, 'objective': 'binary'}}",0.5822784810126582,[0.7666666666666667],[0.46938775510204084],"[[[81, 14], [52, 46]]]","[array([0.62167685, 0.29870558, 0.51015738, 0.40015705, 0.62553456,
       0.59430903, 0.42005745, 0.40629546, 0.3516898 , 0.39835957,
       0.52699558, 0.40493509, 0.30356446, 0.39764562, 0.29528292,
       0.60796499, 0.53956729, 0.32496648, 0.36523148, 0.43001523,
       0.3533978 , 0.26316082, 0.39343303, 0.37482345, 0.49003854,
       0.39021686, 0.3050777 , 0.29609561, 0.39426273, 0.54048672,
       0.63263353, 0.60936169, 0.37444698, 0.38781773, 0.37986198,
       0.40180124, 0.43697079, 0.41211584, 0.50819147, 0.25381852,
       0.44652606, 0.53337094, 0.43706742, 0.47420756, 0.40604519,
       0.63330933, 0.26547617, 0.25301777, 0.26483226, 0.29599415,
       0.47435135, 0.31974497, 0.33703761, 0.25532073, 0.28257137,
       0.33554724, 0.53603206, 0.30598435, 0.30182258, 0.32198606,
       0.27841392, 0.3394713 , 0.43516846, 0.22965544, 0.34041122,
       0.30537536, 0.34713964, 0.4767896 , 0.32268802, 0.25456177,
       0.25012388, 0.2963028 , 0.44627379, 0.28587932, 0.57299311,
       0.32357749, 0.23857822, 0.58005913, 0.35700717, 0.54459228,
       0.59170634, 0.53441191, 0.56123508, 0.43542772, 0.36578277,
       0.51741046, 0.29317146, 0.51303881, 0.44612945, 0.56142016,
       0.43704617, 0.24962013, 0.33883948, 0.3655711 , 0.50359224,
       0.61590348, 0.32204871, 0.49967944, 0.45935249, 0.56709446,
       0.4703089 , 0.53156549, 0.2884208 , 0.29400653, 0.53923504,
       0.53424487, 0.32731999, 0.3989864 , 0.4396496 , 0.24645424,
       0.3320585 , 0.34617135, 0.56117733, 0.63808631, 0.48156505,
       0.57935212, 0.40068514, 0.50804718, 0.56393376, 0.57488221,
       0.56215011, 0.56002381, 0.53575992, 0.45638836, 0.45796582,
       0.56997734, 0.50674264, 0.58071618, 0.51136366, 0.55395808,
       0.51401048, 0.40281256, 0.46496857, 0.29795269, 0.40023926,
       0.44453888, 0.44167201, 0.29261299, 0.53042671, 0.47736459,
       0.45751122, 0.37763941, 0.41441864, 0.46796228, 0.5961776 ,
       0.55830332, 0.50219915, 0.52203982, 0.36321492, 0.51811664,
       0.39903682, 0.55508967, 0.44160025, 0.45893718, 0.39171268,
       0.53386069, 0.3644043 , 0.44119293, 0.34655743, 0.43940907,
       0.53663018, 0.51340752, 0.37656867, 0.39215221, 0.38018352,
       0.55964811, 0.55903224, 0.58105127, 0.4204714 , 0.32900721,
       0.42362953, 0.47300587, 0.36205553, 0.39337788, 0.34219191,
       0.38591239, 0.44919543, 0.56733228, 0.61355694, 0.38220346,
       0.32179489, 0.34427742, 0.2783916 , 0.33825321, 0.56081421,
       0.49531057, 0.39428483, 0.45516282, 0.39526053, 0.45950061,
       0.44088871, 0.4496135 , 0.36762262])]"
ESVM,0.616580310880829 +- 0.04366019415194816,"{'pca__n_components': 37, 'svc__C': 0.1557659739054486, 'svc__kernel': 'rbf', 'svc__gamma': 0.0038577328567450156, 'adaboost__n_estimators': 62, 'adaboost__learning_rate': 0.04372697410634722}",0.6810344827586208,[0.5895522388059702],[0.8061224489795918],"[[[40, 55], [19, 79]]]","[array([0.52762656, 0.49403048, 0.51428408, 0.5078302 , 0.54415435,
       0.53603371, 0.50621949, 0.50016563, 0.51886895, 0.4474209 ,
       0.48410581, 0.49372646, 0.50637043, 0.50156833, 0.51011942,
       0.52878581, 0.51967937, 0.48494691, 0.50315566, 0.5153838 ,
       0.49537931, 0.46851838, 0.50121104, 0.50692367, 0.5191957 ,
       0.50267612, 0.47959127, 0.43448911, 0.50589466, 0.51774628,
       0.52570944, 0.51827595, 0.52051933, 0.49699472, 0.49551913,
       0.47359183, 0.50137277, 0.48931563, 0.51863875, 0.48112914,
       0.50576655, 0.51848552, 0.51297806, 0.51275735, 0.51439358,
       0.53337351, 0.49951844, 0.49615052, 0.51635031, 0.48248168,
       0.51205713, 0.50800854, 0.49009463, 0.43847639, 0.49747277,
       0.50418802, 0.52316273, 0.49911743, 0.50376308, 0.50237527,
       0.50778524, 0.51457719, 0.51195402, 0.44664727, 0.47252963,
       0.46419072, 0.51123867, 0.52045309, 0.51216866, 0.48416146,
       0.5120625 , 0.49304289, 0.52910897, 0.49106039, 0.53149852,
       0.50246299, 0.48322884, 0.53567967, 0.50710217, 0.53880005,
       0.53501303, 0.54532659, 0.54148489, 0.52458644, 0.52273091,
       0.53062598, 0.4709216 , 0.53879321, 0.52254838, 0.53030141,
       0.51612597, 0.5099398 , 0.48281618, 0.48713384, 0.5140958 ,
       0.525377  , 0.50573846, 0.52832968, 0.52546567, 0.54279086,
       0.51765383, 0.53194122, 0.47432047, 0.50037943, 0.53158675,
       0.53702386, 0.48955305, 0.52702851, 0.51743702, 0.44666417,
       0.50482468, 0.5146565 , 0.53034972, 0.52904114, 0.52770275,
       0.53864007, 0.52170048, 0.50291992, 0.51022231, 0.52479055,
       0.51524259, 0.53015547, 0.53405813, 0.51657668, 0.52296079,
       0.53014557, 0.53792841, 0.53067077, 0.53375223, 0.52018633,
       0.52879331, 0.52080573, 0.50364332, 0.50762688, 0.46018944,
       0.49173458, 0.50241309, 0.50473983, 0.52283722, 0.51956696,
       0.52907603, 0.49656628, 0.5112715 , 0.52295952, 0.53504363,
       0.53319751, 0.47897613, 0.5224219 , 0.50293953, 0.51848737,
       0.49981576, 0.5248598 , 0.51284672, 0.51065794, 0.50368186,
       0.49090205, 0.36397755, 0.49422477, 0.46131197, 0.50446903,
       0.54296007, 0.52121421, 0.46714509, 0.50741679, 0.50902809,
       0.52241086, 0.52619624, 0.52264317, 0.5134764 , 0.49292931,
       0.4977602 , 0.52177107, 0.51013259, 0.45898152, 0.47699194,
       0.4838483 , 0.50966661, 0.53053192, 0.53191575, 0.49759024,
       0.49322181, 0.48548212, 0.4922319 , 0.48812175, 0.52363285,
       0.52783871, 0.48944805, 0.43769658, 0.4695375 , 0.4998294 ,
       0.50773368, 0.51723834, 0.43743636])]"
WGLR,0.6476683937823834 +- 0.012209055566927937,0.9957820513494281,0.6699029126213593,[0.6388888888888888],[0.7040816326530612],"[[[56, 39], [29, 69]]]","[array([ 0.70526099,  0.36495566,  0.84377933,  0.48844886,  0.98764014,
        0.86232257,  0.71201205,  0.4183929 ,  0.69954848, -0.02427125,
        0.06029296,  0.65822005,  0.42853236,  0.41067481,  0.66392779,
        0.74233127,  0.69460368,  0.47069907,  0.62603641,  0.59376693,
        0.58860564,  0.60864139,  0.64570594,  0.64276195,  0.76351047,
        0.7777307 ,  0.35203433,  0.18416858,  0.7568109 ,  0.6658504 ,
        0.69484019,  0.60411525,  0.60909152,  0.64868712,  0.6267755 ,
        0.53340125,  0.81408381,  0.23476481,  0.74329352,  0.42002749,
        0.52080607,  0.6771524 ,  0.6149385 ,  0.57029033,  0.5635345 ,
        0.65768981,  0.5216291 ,  0.51627135,  0.63397861,  0.27951503,
        0.55998683,  0.61477542,  0.31784797,  0.28600097,  0.46120715,
        0.5006969 ,  0.6193521 ,  0.36798072,  0.37207484,  0.58209586,
        0.53319621,  0.81815982,  0.61958861,  0.03132319,  0.63304973,
        0.46448302,  0.50312209,  0.64104915,  0.48985744,  0.1929462 ,
        0.79046035,  0.16275668,  0.66423106,  0.5415113 ,  0.7686832 ,
        0.50017619,  0.14496017,  0.63471484,  0.53980517,  0.68327212,
        0.52374721,  0.70948482,  0.68391395,  0.62222648,  0.82250094,
        0.70026374,  0.23992133,  0.73640513,  0.52566123,  0.58766532,
        0.52146983,  0.72335792,  0.14318347,  0.45059943,  0.65411925,
        0.65986609,  0.47144294,  0.65514541,  0.72732997,  0.74474216,
        0.48236918,  0.64665675,  0.30439639,  0.56196856,  0.61522079,
        0.67858386,  0.33461928,  0.59428859,  0.56841159,  0.09204936,
        0.52895236,  0.52632976,  0.69388461,  0.69325614,  0.65417361,
        0.73232055,  0.82311893,  0.46956038,  0.58343101,  0.71037078,
        0.52753043,  0.71753478,  0.71840358,  0.58548236,  0.69555831,
        0.73682094,  0.78311515,  0.69442725,  0.75043368,  0.60183501,
        0.75923991,  0.65496421,  0.73706222,  0.63738799,  0.22333694,
        0.33705878,  0.48188472,  0.46598411,  0.62077498,  0.65986991,
        0.71120524,  0.44719386,  0.46641612,  0.6148479 ,  0.70651412,
        0.62356639, -0.15794969,  0.57732463,  0.4564569 ,  0.89616656,
        0.44511962,  0.65614963,  0.5813396 ,  0.58774734,  0.52186179,
        0.98816466, -0.93957925,  0.62137389,  0.2902534 ,  0.89991641,
        1.02517962,  0.83588672,  0.4291904 ,  0.8359611 ,  0.68262839,
        0.6554172 ,  0.93433261,  1.09581828,  0.75612998,  0.77287173,
        0.73589396,  0.90176654,  0.82495475,  0.26911426,  0.82522845,
        0.73797584,  0.98319602,  0.81505275,  1.0122087 ,  0.73873878,
        0.82970691,  0.69693923,  0.49990535,  0.61094737,  0.72711921,
        0.76993918,  0.48149657, -0.14642644,  0.18363738,  0.71583724,
        0.52400088,  0.86414218, -0.10186124])]"
SVM,0.6632124352331606 +- 0.035570440704289136,"{'C': 10, 'degree': 2, 'gamma': 0.01, 'kernel': 'rbf'}",0.6919431279620852,[0.6460176991150443],[0.7448979591836735],"[[[55, 40], [25, 73]]]","[array([0.72724501, 0.25829124, 0.60349575, 0.39868584, 0.72600453,
       0.66981225, 0.37702934, 0.39595656, 0.36807605, 0.29370738,
       0.5869777 , 0.33046854, 0.44010922, 0.46792292, 0.39427211,
       0.67616579, 0.46726455, 0.30295804, 0.41503367, 0.60960854,
       0.31663775, 0.16375507, 0.5510487 , 0.50568096, 0.58333811,
       0.31320537, 0.23227384, 0.05452372, 0.39952689, 0.56766604,
       0.66280677, 0.61826995, 0.41860133, 0.33331394, 0.34757477,
       0.23344182, 0.21644923, 0.43675096, 0.4203657 , 0.16181988,
       0.54350435, 0.64073888, 0.58199138, 0.53295132, 0.52626631,
       0.68080402, 0.38088528, 0.3425481 , 0.45020368, 0.28025532,
       0.54014394, 0.48984958, 0.38668172, 0.04417244, 0.37048419,
       0.42652621, 0.64881995, 0.40104511, 0.42967516, 0.4085413 ,
       0.4535834 , 0.57970017, 0.51237251, 0.08078617, 0.38231373,
       0.27128001, 0.48127507, 0.59100631, 0.45807456, 0.3456963 ,
       0.40657289, 0.5       , 0.64796569, 0.37543397, 0.64424893,
       0.46817054, 0.33699588, 0.67015663, 0.35376468, 0.65163768,
       0.70374843, 0.71098089, 0.70071798, 0.55652465, 0.29864591,
       0.65598013, 0.12659097, 0.70420417, 0.58752422, 0.72531902,
       0.47335069, 0.43924362, 0.35502161, 0.34392171, 0.5       ,
       0.65607521, 0.33528115, 0.52241093, 0.48786763, 0.70107879,
       0.53229448, 0.61850102, 0.12229678, 0.3355245 , 0.61439901,
       0.70407094, 0.27760483, 0.52795253, 0.40356532, 0.11810601,
       0.31773876, 0.42206747, 0.61155583, 0.67762544, 0.51795303,
       0.60301719, 0.59435482, 0.64047841, 0.62892947, 0.66040548,
       0.65847182, 0.66366882, 0.69959599, 0.52349119, 0.58161751,
       0.67043949, 0.71357243, 0.69497519, 0.66216443, 0.53988416,
       0.62087001, 0.54239603, 0.47767176, 0.2931465 , 0.41292935,
       0.33619747, 0.5       , 0.40929   , 0.64471974, 0.52954484,
       0.5       , 0.44277751, 0.54222055, 0.46642207, 0.64181699,
       0.69375586, 0.43240968, 0.64208784, 0.47592375, 0.6374583 ,
       0.51549994, 0.60553065, 0.40478041, 0.57045836, 0.51542361,
       0.78295674, 0.01360856, 0.5       , 0.21719685, 0.43027708,
       0.78074288, 0.67471789, 0.25052705, 0.50604663, 0.56623178,
       0.76971571, 0.70331685, 0.74034592, 0.58652147, 0.30413554,
       0.45526504, 0.66141617, 0.42684571, 0.21137923, 0.25243292,
       0.41545958, 0.59917286, 0.74522924, 0.69477337, 0.44783635,
       0.26318823, 0.31815855, 0.35616555, 0.27253618, 0.66671738,
       0.72025102, 0.5       , 0.11231779, 0.39286857, 0.45127304,
       0.55726341, 0.54688198, 0.11234736])]"
XGB,0.6269430051813472 +- 0.02381302839682359,"{'colsample_bytree': 1.0, 'gamma': 0, 'learning_rate': 0.1, 'max_depth': 3, 'min_child_weight': 4, 'n_estimators': 100, 'subsample': 0.8}",0.6603773584905661,[0.6140350877192983],[0.7142857142857143],"[[[51, 44], [28, 70]]]","[array([0.668064  , 0.15637743, 0.72064483, 0.47287503, 0.933485  ,
       0.8271373 , 0.8545411 , 0.5773076 , 0.46066037, 0.13884996,
       0.12180147, 0.6518206 , 0.290166  , 0.20249143, 0.530743  ,
       0.8004579 , 0.63432384, 0.51023036, 0.55779415, 0.60824805,
       0.809248  , 0.7043477 , 0.45224097, 0.48694763, 0.84121984,
       0.81846434, 0.65016717, 0.511335  , 0.586109  , 0.75190955,
       0.57507604, 0.76744485, 0.43317363, 0.7215156 , 0.5921688 ,
       0.73017097, 0.4214235 , 0.46397465, 0.7010325 , 0.2470746 ,
       0.28338894, 0.39235514, 0.2896712 , 0.8085082 , 0.4031147 ,
       0.8746012 , 0.32514763, 0.41149718, 0.4570551 , 0.21930891,
       0.4636919 , 0.8093044 , 0.18722826, 0.04274758, 0.34476295,
       0.7227931 , 0.50868523, 0.29100114, 0.20766786, 0.42891356,
       0.5092912 , 0.6986024 , 0.6609729 , 0.03836917, 0.25774604,
       0.15742575, 0.45512614, 0.7512646 , 0.18264656, 0.07885405,
       0.6519719 , 0.02287589, 0.684124  , 0.21307522, 0.8163658 ,
       0.29765916, 0.05642344, 0.88501114, 0.22443475, 0.68003577,
       0.6173341 , 0.7710912 , 0.7515072 , 0.8272378 , 0.7306709 ,
       0.7310879 , 0.33675027, 0.4300744 , 0.29535615, 0.59586877,
       0.52685875, 0.14592248, 0.09507602, 0.45513028, 0.21849035,
       0.7034668 , 0.3267978 , 0.8069308 , 0.56152135, 0.7584847 ,
       0.2976727 , 0.6763988 , 0.15818723, 0.2034058 , 0.69271845,
       0.53627676, 0.16680075, 0.68968076, 0.39659455, 0.15788342,
       0.15879244, 0.25917426, 0.7827759 , 0.58630425, 0.6273667 ,
       0.9243323 , 0.64126277, 0.5848059 , 0.5551834 , 0.7638361 ,
       0.60936654, 0.58125687, 0.39404833, 0.36054248, 0.6971618 ,
       0.85753953, 0.7321295 , 0.6008826 , 0.8207268 , 0.63416106,
       0.82427937, 0.65423983, 0.17550743, 0.4998599 , 0.29309863,
       0.4535907 , 0.6498691 , 0.24096549, 0.49810547, 0.85374635,
       0.6080454 , 0.22551413, 0.22482337, 0.4694165 , 0.8955483 ,
       0.5258994 , 0.73494965, 0.47091693, 0.18813695, 0.6355743 ,
       0.5543327 , 0.6717163 , 0.5191363 , 0.3633148 , 0.29252055,
       0.868961  , 0.33680382, 0.7454338 , 0.5946508 , 0.7490079 ,
       0.9375754 , 0.73954076, 0.5432086 , 0.79470354, 0.5393099 ,
       0.3259421 , 0.8145301 , 0.6387425 , 0.5102672 , 0.43861774,
       0.3738598 , 0.88121665, 0.64342624, 0.58379674, 0.8326392 ,
       0.67562836, 0.7489771 , 0.56887865, 0.86598486, 0.4932    ,
       0.74636716, 0.38359594, 0.5687723 , 0.4638824 , 0.7156443 ,
       0.5543788 , 0.2290073 , 0.7580008 , 0.20253049, 0.7942213 ,
       0.7452689 , 0.8704603 , 0.5467969 ], dtype=float32)]"
LR,0.6580310880829016 +- 0.042015420866473106,"{'C': 0.1, 'penalty': 'l2', 'solver': 'liblinear'}",0.6489361702127661,[0.6777777777777778],[0.6224489795918368],"[[[66, 29], [37, 61]]]","[array([0.59793818, 0.39888132, 0.53378286, 0.45218431, 0.59253567,
       0.56719223, 0.45490381, 0.45935683, 0.45644278, 0.4188199 ,
       0.53688386, 0.43504355, 0.47952366, 0.48614773, 0.45241414,
       0.56435166, 0.48544676, 0.42538354, 0.46617376, 0.54084736,
       0.42931899, 0.34407142, 0.52250883, 0.49732993, 0.53238949,
       0.42754753, 0.37845947, 0.24904125, 0.45836285, 0.52304526,
       0.56241508, 0.54233183, 0.46827003, 0.43133099, 0.43930185,
       0.37987917, 0.38053875, 0.47585534, 0.46579494, 0.32571568,
       0.52156473, 0.5553394 , 0.53906867, 0.49804511, 0.51185354,
       0.57275113, 0.45517627, 0.4447485 , 0.48185498, 0.39753174,
       0.51095322, 0.49058217, 0.44826516, 0.21974967, 0.44188054,
       0.46932654, 0.55385241, 0.46223114, 0.46787049, 0.46145401,
       0.47768434, 0.51817003, 0.49782703, 0.27671342, 0.46066321,
       0.39739112, 0.49451999, 0.53186027, 0.47840426, 0.43209462,
       0.4642759 , 0.48867569, 0.55857651, 0.45474761, 0.55988739,
       0.48642236, 0.42696504, 0.56083475, 0.43839143, 0.56036734,
       0.58152771, 0.58313809, 0.57683892, 0.51753632, 0.42226277,
       0.5651055 , 0.31732105, 0.58329277, 0.53606174, 0.58618462,
       0.47797176, 0.47548369, 0.43950442, 0.42997312, 0.49774696,
       0.56100192, 0.43449279, 0.50947723, 0.50153515, 0.57830228,
       0.50891235, 0.5429019 , 0.31989621, 0.44377603, 0.54098169,
       0.58491065, 0.39697304, 0.51035431, 0.46864262, 0.31195743,
       0.42047471, 0.46800316, 0.54068167, 0.57800496, 0.50633899,
       0.54003543, 0.55293854, 0.56293446, 0.56971628, 0.56776269,
       0.55621659, 0.56331055, 0.58385863, 0.51386183, 0.52863061,
       0.56884069, 0.58457798, 0.58263479, 0.56210578, 0.51815786,
       0.5465985 , 0.51526193, 0.48569905, 0.4128224 , 0.47715676,
       0.42481139, 0.49510808, 0.4535959 , 0.55823629, 0.50965945,
       0.48744149, 0.47896643, 0.51219835, 0.47684289, 0.55199616,
       0.57137729, 0.44652985, 0.55035129, 0.49063036, 0.5722119 ,
       0.50930754, 0.54223832, 0.45740871, 0.52303696, 0.50588031,
       0.65346629, 0.14427644, 0.50160261, 0.35243489, 0.46863868,
       0.6302239 , 0.56763825, 0.39189969, 0.48967184, 0.52241176,
       0.6220542 , 0.59175938, 0.61282903, 0.53092557, 0.42012363,
       0.49145811, 0.56774336, 0.46381372, 0.37810156, 0.39522879,
       0.47345314, 0.54093399, 0.60749543, 0.57707707, 0.47708461,
       0.39479063, 0.42280983, 0.43951525, 0.39960622, 0.57528047,
       0.58901929, 0.49557797, 0.30246503, 0.4534779 , 0.46689041,
       0.50068902, 0.51466898, 0.30224346])]"
RF,0.6839378238341969 +- 0.0377416059568103,"{'max_depth': 10, 'min_samples_leaf': 1, 'min_samples_split': 2, 'n_estimators': 300}",0.6702702702702703,[0.7126436781609196],[0.6326530612244898],"[[[70, 25], [36, 62]]]","[array([0.82643571, 0.25880787, 0.63901797, 0.51880618, 0.83845837,
       0.6767528 , 0.5035537 , 0.49528823, 0.42149916, 0.42329886,
       0.64290259, 0.39328973, 0.30587036, 0.4954638 , 0.36811132,
       0.72526897, 0.59304905, 0.39986413, 0.48438255, 0.65106427,
       0.45722854, 0.34066896, 0.51692458, 0.57915588, 0.69469955,
       0.42936724, 0.39445019, 0.35057324, 0.53321127, 0.67665913,
       0.76567872, 0.75418335, 0.3096798 , 0.46677931, 0.37802562,
       0.40015505, 0.51413381, 0.44167504, 0.60090999, 0.16905083,
       0.39358546, 0.59009453, 0.57080416, 0.57723003, 0.44568584,
       0.84880668, 0.25185363, 0.23597006, 0.20922748, 0.24539353,
       0.48430833, 0.40390115, 0.24494893, 0.22287037, 0.25311078,
       0.42509635, 0.62352538, 0.23344916, 0.32221157, 0.42151028,
       0.36834455, 0.37175106, 0.47772777, 0.19562772, 0.31859093,
       0.33201002, 0.36055573, 0.6610207 , 0.33594173, 0.17646818,
       0.19740656, 0.32060294, 0.53233452, 0.26847027, 0.71886725,
       0.38264786, 0.16923567, 0.70882518, 0.32776122, 0.73545684,
       0.73790842, 0.70043174, 0.6385709 , 0.46996093, 0.41589167,
       0.57353892, 0.23863821, 0.73551406, 0.45932042, 0.68119   ,
       0.37505654, 0.22447193, 0.2621207 , 0.44925535, 0.52465022,
       0.75221477, 0.29842676, 0.56089623, 0.43544687, 0.72871074,
       0.4557006 , 0.68589031, 0.25151776, 0.28874455, 0.68406918,
       0.67873086, 0.2340952 , 0.4273771 , 0.3623333 , 0.17394406,
       0.39238181, 0.3348104 , 0.59935405, 0.70571203, 0.52721588,
       0.84602543, 0.51739719, 0.57149894, 0.67335341, 0.74369995,
       0.60764167, 0.6538142 , 0.55925842, 0.48662588, 0.52926283,
       0.74173071, 0.61748975, 0.74130865, 0.68329329, 0.68082253,
       0.62462409, 0.27852695, 0.38456818, 0.28835121, 0.47711385,
       0.44472391, 0.49240906, 0.18538003, 0.68230938, 0.50835421,
       0.55961182, 0.40122918, 0.45397491, 0.57772952, 0.85851882,
       0.71057467, 0.63158166, 0.59742284, 0.4279352 , 0.57010692,
       0.47872365, 0.65610355, 0.36271399, 0.51321658, 0.42265473,
       0.56611715, 0.29913698, 0.49100695, 0.36964324, 0.54629841,
       0.62675035, 0.58238821, 0.30756979, 0.40446811, 0.49768228,
       0.63316001, 0.69589029, 0.65917003, 0.41693995, 0.27298573,
       0.50956946, 0.61061563, 0.38396782, 0.37159081, 0.26988266,
       0.40482544, 0.52295597, 0.65327689, 0.70568225, 0.40652837,
       0.31292645, 0.29218964, 0.28465896, 0.27704177, 0.68766326,
       0.60842869, 0.38544911, 0.46134167, 0.42620004, 0.49934279,
       0.53660448, 0.51751303, 0.31309921])]"
CNN,0.5906735751295337 +- 0.016072380279844874,Just one param in this model,0.639269406392694,[0.5785123966942148],[0.7142857142857143],"[[[44, 51], [28, 70]]]","[array([[0.635691  ],
       [0.53903025],
       [0.48039964],
       [0.31400084],
       [0.6115047 ],
       [0.5804941 ],
       [0.515156  ],
       [0.5366932 ],
       [0.693499  ],
       [0.4607785 ],
       [0.47377804],
       [0.44034505],
       [0.5520383 ],
       [0.4829088 ],
       [0.39062497],
       [0.6001436 ],
       [0.50555587],
       [0.4778046 ],
       [0.5694507 ],
       [0.60515445],
       [0.5312624 ],
       [0.5107341 ],
       [0.6072948 ],
       [0.5805913 ],
       [0.60620487],
       [0.47311944],
       [0.48275796],
       [0.3910261 ],
       [0.52091986],
       [0.5688289 ],
       [0.64398843],
       [0.5249808 ],
       [0.62027645],
       [0.5380189 ],
       [0.47443315],
       [0.30268463],
       [0.807304  ],
       [0.5716194 ],
       [0.5361135 ],
       [0.3870311 ],
       [0.5654507 ],
       [0.5872867 ],
       [0.59009767],
       [0.5017779 ],
       [0.5981345 ],
       [0.5939463 ],
       [0.54659504],
       [0.6456143 ],
       [0.5878337 ],
       [0.44805017],
       [0.5790312 ],
       [0.5016343 ],
       [0.5390003 ],
       [0.24437329],
       [0.516898  ],
       [0.53347594],
       [0.60314876],
       [0.62987363],
       [0.60469306],
       [0.5543656 ],
       [0.5544723 ],
       [0.62207264],
       [0.48211485],
       [0.2228977 ],
       [0.4335833 ],
       [0.40760082],
       [0.613983  ],
       [0.58889914],
       [0.5423384 ],
       [0.53599244],
       [0.5648417 ],
       [0.4426987 ],
       [0.7566229 ],
       [0.549587  ],
       [0.6668064 ],
       [0.5620569 ],
       [0.4276644 ],
       [0.6396034 ],
       [0.58747494],
       [0.6152833 ],
       [0.603221  ],
       [0.6325201 ],
       [0.662231  ],
       [0.64975166],
       [0.89865285],
       [0.8003569 ],
       [0.34384775],
       [0.5509446 ],
       [0.54104346],
       [0.45548174],
       [0.47393903],
       [0.6115468 ],
       [0.38542324],
       [0.47278515],
       [0.502682  ],
       [0.6407461 ],
       [0.47829786],
       [0.52549785],
       [0.7274175 ],
       [0.6388073 ],
       [0.5489841 ],
       [0.55373174],
       [0.4289327 ],
       [0.49224588],
       [0.5594932 ],
       [0.63014495],
       [0.30859983],
       [0.59223545],
       [0.3711613 ],
       [0.47881666],
       [0.4418365 ],
       [0.5893861 ],
       [0.61635274],
       [0.6362962 ],
       [0.5677552 ],
       [0.49682042],
       [0.4357359 ],
       [0.51303715],
       [0.31030327],
       [0.5394479 ],
       [0.36378303],
       [0.5201209 ],
       [0.52960676],
       [0.45808548],
       [0.5450981 ],
       [0.5467139 ],
       [0.5308591 ],
       [0.5334844 ],
       [0.53180283],
       [0.3539876 ],
       [0.50337684],
       [0.4704612 ],
       [0.47429574],
       [0.2731899 ],
       [0.5259695 ],
       [0.499218  ],
       [0.31888545],
       [0.47214586],
       [0.537424  ],
       [0.23039381],
       [0.47344917],
       [0.52000076],
       [0.54352057],
       [0.51566863],
       [0.564798  ],
       [0.5470681 ],
       [0.07870045],
       [0.5309085 ],
       [0.28902382],
       [0.4198357 ],
       [0.556849  ],
       [0.5613404 ],
       [0.3115299 ],
       [0.37531576],
       [0.5241219 ],
       [0.57620674],
       [0.47687477],
       [0.47122818],
       [0.51812524],
       [0.2180382 ],
       [0.39782137],
       [0.5639285 ],
       [0.24122518],
       [0.509109  ],
       [0.51518655],
       [0.50917673],
       [0.5616618 ],
       [0.30199522],
       [0.45768017],
       [0.43402013],
       [0.29771376],
       [0.5510216 ],
       [0.4747587 ],
       [0.5382648 ],
       [0.53525996],
       [0.4605298 ],
       [0.5524618 ],
       [0.45779878],
       [0.51648355],
       [0.52354556],
       [0.48510042],
       [0.4938969 ],
       [0.49357992],
       [0.52524114],
       [0.5407868 ],
       [0.5780161 ],
       [0.53788704],
       [0.48130095],
       [0.5189673 ],
       [0.36051244],
       [0.50792927],
       [0.33517978],
       [0.45751566]], dtype=float32)]"
RNN,0.6269430051813472 +- 0.04286352397589053,Just one param in this model,0.6210526315789474,[0.6413043478260869],[0.6020408163265306],"[[[62, 33], [39, 59]]]","[array([[0.5853149 ],
       [0.43581933],
       [0.42280322],
       [0.2835525 ],
       [0.5834123 ],
       [0.55505174],
       [0.3783525 ],
       [0.3757296 ],
       [0.62488586],
       [0.358632  ],
       [0.4246976 ],
       [0.33100265],
       [0.4563732 ],
       [0.37013307],
       [0.28918496],
       [0.5756966 ],
       [0.4909497 ],
       [0.3461036 ],
       [0.4502647 ],
       [0.534557  ],
       [0.43234703],
       [0.32438123],
       [0.53228676],
       [0.4571037 ],
       [0.5352266 ],
       [0.34213188],
       [0.27846542],
       [0.26432884],
       [0.4368148 ],
       [0.5123922 ],
       [0.57913995],
       [0.45520434],
       [0.43230626],
       [0.37976095],
       [0.35125118],
       [0.26437598],
       [0.56347495],
       [0.40404138],
       [0.5090814 ],
       [0.37514946],
       [0.5180448 ],
       [0.57171625],
       [0.5641329 ],
       [0.39547402],
       [0.5062525 ],
       [0.5740034 ],
       [0.46977916],
       [0.5031477 ],
       [0.49972284],
       [0.34212205],
       [0.51074564],
       [0.51706976],
       [0.41496998],
       [0.19145128],
       [0.4014652 ],
       [0.4286609 ],
       [0.5674826 ],
       [0.500314  ],
       [0.47355685],
       [0.41583526],
       [0.46961606],
       [0.44658768],
       [0.4180484 ],
       [0.12915719],
       [0.405565  ],
       [0.42119628],
       [0.4417902 ],
       [0.5425256 ],
       [0.47378114],
       [0.39834   ],
       [0.45257983],
       [0.4553911 ],
       [0.7012641 ],
       [0.37743622],
       [0.59764874],
       [0.4369078 ],
       [0.3666316 ],
       [0.5840545 ],
       [0.40466127],
       [0.5936149 ],
       [0.58980465],
       [0.60908633],
       [0.6170419 ],
       [0.543801  ],
       [0.8520768 ],
       [0.7912299 ],
       [0.29899395],
       [0.5564288 ],
       [0.5597839 ],
       [0.5716624 ],
       [0.44637898],
       [0.46753693],
       [0.2927498 ],
       [0.3369504 ],
       [0.4286128 ],
       [0.57458556],
       [0.4778122 ],
       [0.5016626 ],
       [0.6860495 ],
       [0.600664  ],
       [0.49946737],
       [0.53360033],
       [0.34627387],
       [0.4634022 ],
       [0.54007256],
       [0.59210414],
       [0.27406734],
       [0.5282405 ],
       [0.40566579],
       [0.41395608],
       [0.3532571 ],
       [0.4852486 ],
       [0.5765915 ],
       [0.6013996 ],
       [0.5420253 ],
       [0.50626063],
       [0.7025279 ],
       [0.62769943],
       [0.50311065],
       [0.6351002 ],
       [0.6131099 ],
       [0.6032618 ],
       [0.6476614 ],
       [0.51716465],
       [0.6066191 ],
       [0.6487731 ],
       [0.6606223 ],
       [0.6344365 ],
       [0.63080186],
       [0.4850033 ],
       [0.6000008 ],
       [0.57886773],
       [0.49573785],
       [0.38120124],
       [0.48585716],
       [0.54536325],
       [0.48629102],
       [0.47981307],
       [0.6433092 ],
       [0.5546455 ],
       [0.5957363 ],
       [0.4645666 ],
       [0.5702245 ],
       [0.5539196 ],
       [0.6328725 ],
       [0.6439843 ],
       [0.4158266 ],
       [0.59947973],
       [0.45045584],
       [0.6123029 ],
       [0.53189915],
       [0.6037025 ],
       [0.41657043],
       [0.5436822 ],
       [0.52604246],
       [0.68539536],
       [0.227725  ],
       [0.5243923 ],
       [0.4124069 ],
       [0.4406516 ],
       [0.69295186],
       [0.5545459 ],
       [0.2664015 ],
       [0.40672106],
       [0.533622  ],
       [0.5799122 ],
       [0.5994274 ],
       [0.5595441 ],
       [0.4239995 ],
       [0.32850784],
       [0.37115204],
       [0.57602054],
       [0.49265546],
       [0.45066655],
       [0.419139  ],
       [0.39470574],
       [0.5020498 ],
       [0.5935053 ],
       [0.5695825 ],
       [0.436148  ],
       [0.3858854 ],
       [0.4109615 ],
       [0.45592126],
       [0.4464904 ],
       [0.5949797 ],
       [0.62091863],
       [0.5494172 ],
       [0.3613698 ],
       [0.46433744],
       [0.36715117],
       [0.44603205],
       [0.47232482],
       [0.25982273]], dtype=float32)]"
